1.000000000000000021e-03 3.218682215554569798e-04
1.009962701490044103e-03 3.409285249995500718e-04
1.020024658401067841e-03 3.612128254434004504e-04
1.030186859585202055e-03 3.826853286408708234e-04
1.040450303746215301e-03 4.054367684030990289e-04
1.050815999537664525e-03 4.296286757205679740e-04
1.061284965662020628e-03 4.552350337168894838e-04
1.071858230970783050e-03 4.824012875170244894e-04
1.082536834565591809e-03 5.112546626231804408e-04
1.093321825900345906e-03 5.417966934634217647e-04
1.104214264884341087e-03 5.742443529191244931e-04
1.115215221986432187e-03 6.086677713513562876e-04
1.126325778340236299e-03 6.451095683879298683e-04
1.137547025850381768e-03 6.838887234952621902e-04
1.148880067299816454e-03 7.249751564681283745e-04
1.160326016458186312e-03 7.685202483819009514e-04
1.171885998191291240e-03 8.148522593098520440e-04
1.183561148571633586e-03 8.639135725540726283e-04
1.195352614990066471e-03 9.160221595742584896e-04
1.207261556268556012e-03 9.713687444523195743e-04
1.219289142774065710e-03 1.029982566626100673e-03
1.231436556533575550e-03 1.092390548569827525e-03
1.243704991350247325e-03 1.158542961811605222e-03
1.256095652920747674e-03 1.228738808734668479e-03
1.268609758953739234e-03 1.303421642870504580e-03
1.281248539289552056e-03 1.382538483185136863e-03
1.294013236021048950e-03 1.466755109531449591e-03
1.306905103615692764e-03 1.556118692742540629e-03
1.319925409038831023e-03 1.650963110041914683e-03
1.333075431878209165e-03 1.751931153841144876e-03
1.346356464469723475e-03 1.858926197159352757e-03
1.359769812024426471e-03 1.972901814863381193e-03
1.373316792756799302e-03 2.093848157384768562e-03
1.386998738014300027e-03 2.222354594610858984e-03
1.400816992408204266e-03 2.359115570223598111e-03
1.414772913945748630e-03 2.504084715983252458e-03
1.428867874163589936e-03 2.658768466071598138e-03
1.443103258262595605e-03 2.822774026929731998e-03
1.457480465243975870e-03 2.997385122019998686e-03
1.472000908046772324e-03 3.182979972391850477e-03
1.486666013686716243e-03 3.380154403657778008e-03
1.501477223396470786e-03 3.590242644632888735e-03
1.516435992767270089e-03 3.813036857548137218e-03
1.531543791891969110e-03 4.050903406779526525e-03
1.546802105509518990e-03 4.303245584676334938e-03
1.562212433150882021e-03 4.572228349621557629e-03
1.577776289286399658e-03 4.858143523119689590e-03
1.593495203474629618e-03 5.162458031460944938e-03
1.609370720512664447e-03 5.486522833267642139e-03
1.625404400587949312e-03 5.830983927118677489e-03
1.641597819431610955e-03 6.198424692592458332e-03
1.657952568473315593e-03 6.588534531105763592e-03
1.674470254997667031e-03 7.005308418088037302e-03
1.691152502302166894e-03 7.447647861880694366e-03
1.708000949856744357e-03 7.920240395485842258e-03
1.725017253464878990e-03 8.422223650851981200e-03
1.742203085426325196e-03 8.958115629388762463e-03
1.759560134701461647e-03 9.527978360211415698e-03
1.777090107077273964e-03 1.013592021658819842e-02
1.794794725334995355e-03 1.078303490665208537e-02
1.812675729419413679e-03 1.147297708517669088e-02
1.830734876609867254e-03 1.220803277230007866e-02
1.848973941692944175e-03 1.299135407168054354e-02
1.867394717136901163e-03 1.382654158464234617e-02
1.885999013267821269e-03 1.471617605214772806e-02
1.904788658447526461e-03 1.566535995183244989e-02
1.923765499253260718e-03 1.667604699922635089e-02
1.942931400659166606e-03 1.775506138740326825e-02
1.962288246219567271e-03 1.890363779221071114e-02
1.981837938254074876e-03 2.013049705398070252e-02
2.001582398034544574e-03 2.143610257864414503e-02
2.021523565973889613e-03 2.283137153414190046e-02
2.041663401816776885e-03 2.431597422423419086e-02
2.062003884832225471e-03 2.590314892784225179e-02
2.082547014008119882e-03 2.759180066376938981e-02
2.103294808247665754e-03 2.939766833473719462e-02
2.124249306567796685e-03 3.131900810192066176e-02
2.145412568299564712e-03 3.337412571529188576e-02
2.166786673290522266e-03 3.556078274882450152e-02
2.188373722109121598e-03 3.789999140303643155e-02
2.210175836251151212e-03 4.038932713787869722e-02
2.232195158348230114e-03 4.305244868946345171e-02
2.254433852378375045e-03 4.588708066911142275e-02
2.276894103878671083e-03 4.891944709675028619e-02
2.299578120160055989e-03 5.214792633289690171e-02
2.322488130524247383e-03 5.560123942161039612e-02
2.345626386482830943e-03 5.927898814413831013e-02
2.368995161978530023e-03 6.321222397825998485e-02
2.392596753608680973e-03 6.740256733541685752e-02
2.416433480850932805e-03 7.188293633217561485e-02
2.440507686291198963e-03 7.665785190908581959e-02
2.464821735853876383e-03 8.176188771292310087e-02
2.489378019034360883e-03 8.720352004757256359e-02
2.514178949133877555e-03 9.301855773559132567e-02
2.539226963496650849e-03 9.922095589997514953e-02
2.564524523749439101e-03 1.058467147328862323e-01
2.590074116043452560e-03 1.129170978655907043e-01
2.615878251298683118e-03 1.204670114861761537e-01
2.641939465450670460e-03 1.285272812271967824e-01
2.668260319699722414e-03 1.371305740149416919e-01
2.694843400762620290e-03 1.463198063211894606e-01
2.721691321126833499e-03 1.561238937694485740e-01
2.748806719307263832e-03 1.666011966452445592e-01
2.776192260105549755e-03 1.777742600283241936e-01
2.803850634871951977e-03 1.897214873056149997e-01
2.831784561769851941e-03 2.024555103967899394e-01
2.859996786042880157e-03 2.160807574332369030e-01
2.888490080284711239e-03 2.305948297087431209e-01
2.917267244711541259e-03 2.461355312975341270e-01
2.946331107437285581e-03 2.626787267088001587e-01
2.975684524751514518e-03 2.804041619164522325e-01
3.005330381400157617e-03 2.992652543676307952e-01
3.035271590869007777e-03 3.194770266204419729e-01
3.065511095670049938e-03 3.409905437070087642e-01
3.096051867630625603e-03 3.640275145149156066e-01
3.126896908185526451e-03 3.885669596064077469e-01
3.158049248671917272e-03 4.148238315720660929e-01
3.189511950627296841e-03 4.428161340396590262e-01
3.221288106090321526e-03 4.727426610238380511e-01
3.253380837904732304e-03 5.046729533312853677e-01
3.285793300026203494e-03 5.387798932308994759e-01
3.318528677832354758e-03 5.751998770813233630e-01
3.351590188435745951e-03 6.140687473260507678e-01
3.384981081000095100e-03 6.556075750037736460e-01
3.418704637059542546e-03 6.999003754258739107e-01
3.452764170841199787e-03 7.472760129643633009e-01
3.487163029590806956e-03 7.977471666578597187e-01
3.521904593901741334e-03 8.517790560870587280e-01
3.556992278047195651e-03 9.092862208873974117e-01
3.592429530315775516e-03 9.709047429906912940e-01
3.628219833350327349e-03 1.036475163458173032e+00
3.664366704490257861e-03 1.106688940017399148e+00
3.700873696117147355e-03 1.181465204695679061e+00
3.737744396003922238e-03 1.261452223375129078e+00
3.774982427667390728e-03 1.346724593918781965e+00
3.812591450724407173e-03 1.437838137076064449e+00
3.850575161251464616e-03 1.535074010615593565e+00
3.888937292147995328e-03 1.638850749142852559e+00
3.927681613503162042e-03 1.749718229716284101e+00
3.966811932966433051e-03 1.867904735125508697e+00
4.006332096121718693e-03 1.994304641707671077e+00
4.046245986865365865e-03 2.128886977706995864e+00
4.086557527787790245e-03 2.272984816159826504e+00
4.127270680559036800e-03 2.426315914543282215e+00
4.168389446318053471e-03 2.590475873464756162e+00
4.209917866065974665e-03 2.765258619114406180e+00
4.251860021063189055e-03 2.952133059595690057e+00
4.294220033230498716e-03 3.151345392680064972e+00
4.337002065554137163e-03 3.364047699292677329e+00
4.380210322494961991e-03 3.591081850140741771e+00
4.423849050401584479e-03 3.833146733986422472e+00
4.467922537927755330e-03 4.091850664050049602e+00
4.512435116453764571e-03 4.367282997110471854e+00
4.557391160512191258e-03 4.662028128208791422e+00
4.602795088217735003e-03 4.975596949708141814e+00
4.648651361701493581e-03 5.311127703828224966e+00
4.694964487549408219e-03 5.668331544237663167e+00
4.741739017245226104e-03 6.049950979774429527e+00
4.788979547617730308e-03 6.456802117023928922e+00
4.836690721292577141e-03 6.890763665466498544e+00
4.884877227148475519e-03 7.354104596399538174e+00
4.933543800778075229e-03 7.847502085793444770e+00
4.982695224953284825e-03 8.375098886446194157e+00
5.032336330095362603e-03 8.936303489954743995e+00
5.082471994749607203e-03 9.536615494261653225e+00
5.133107146064806552e-03 1.017554143963219815e+01
5.184246760277462507e-03 1.085773240327495692e+01
5.235895863200834555e-03 1.158500903764621448e+01
5.288059530718861555e-03 1.236008137404329510e+01
5.340742889284996221e-03 1.318777672203484030e+01
5.393951116426018259e-03 1.406818306468085922e+01
5.447689441250860853e-03 1.500999790485850482e+01
5.501963144964508619e-03 1.601164927033935470e+01
5.556777561387013856e-03 1.708126801897109104e+01
5.612138077477688350e-03 1.822078261297957624e+01
5.668050133864508018e-03 1.943505868140287873e+01
5.724519225378804990e-03 2.073111445072512637e+01
5.781550901595272282e-03 2.210925941115905857e+01
5.839150767377361724e-03 2.358303667876102594e+01
5.897324483428103767e-03 2.515015679897853573e+01
5.956077766846426362e-03 2.682227356875026203e+01
6.015416391689005875e-03 2.860393574998087729e+01
6.075346189537722021e-03 3.050051180111082516e+01
6.135873050072762798e-03 3.252556151467376822e+01
6.197002921651444465e-03 3.467845452265277828e+01
6.258741811892789067e-03 3.697717707516945040e+01
6.321095788267934966e-03 3.942352975439001028e+01
6.384070978696422885e-03 4.202898091107157086e+01
6.447673572148429448e-03 4.480803860587936782e+01
6.511909819252990721e-03 4.776199586345427406e+01
6.576786032912294681e-03 5.091636489667403964e+01
6.642308588922091195e-03 5.427110381693263719e+01
6.708483926598278468e-03 5.784368112169995158e+01
6.775318549409736248e-03 6.165246025518002426e+01
6.842819025617463864e-03 6.570025545322461369e+01
6.910991988920084719e-03 7.002040449036508107e+01
6.979844139105782254e-03 7.461475099383604004e+01
7.049382242710726387e-03 7.950381597910516973e+01
7.119613133684071088e-03 8.471683051305252832e+01
7.190543714059562976e-03 9.025608565053843790e+01
7.262180954633852027e-03 9.616082706468385766e+01
7.334531895651552093e-03 1.024438960825703901e+02
7.407603647497136221e-03 1.091205480926540901e+02
7.481403391393711896e-03 1.162448649863731589e+02
7.555938380108770738e-03 1.238137545379994435e+02
7.631215938666962087e-03 1.318667291821275001e+02
7.707243465069967686e-03 1.404457067541210336e+02
7.784028431023552914e-03 1.495585187163936212e+02
7.861578382671857018e-03 1.592632401203883603e+02
7.939900941338999540e-03 1.695881162014492531e+02
8.019003804278080141e-03 1.805538206061522146e+02
8.098894745427631658e-03 1.922389240907360772e+02
8.179581616175614009e-03 2.046580390688142472e+02
8.261072346131024396e-03 2.178458685908065036e+02
8.343374943903185403e-03 2.319027585940359302e+02
8.426497497888806379e-03 2.468317048773839701e+02
8.510448177066875369e-03 2.626840432835075489e+02
8.595235231801483938e-03 2.795766145034771171e+02
8.680866994652631716e-03 2.975115593668118095e+02
8.767351881195132104e-03 3.165522046988335774e+02
8.854698390845655576e-03 3.368366485793011975e+02
8.942915107698025043e-03 3.583694392073521726e+02
9.032010701366825767e-03 3.812247680539309727e+02
9.121993927839426933e-03 4.055586075132400197e+02
9.212873630336486028e-03 4.313934074156805423e+02
9.304658740181027954e-03 4.588107175210018340e+02
9.397358277676180413e-03 4.879714493736784675e+02
9.490981352991664441e-03 5.189459951863216247e+02
9.585537167059093866e-03 5.518127987877307987e+02
9.681035012476227677e-03 5.867222614510417316e+02
9.777484274420192648e-03 6.238322433615071532e+02
9.874894431569842743e-03 6.632032385147559808e+02
9.973275057037270935e-03 7.049687839298262588e+02
1.007263581930863648e-02 7.493781124574131809e+02
1.017298648319433368e-02 7.965031965113030310e+02
1.027433691078865306e-02 8.464854416844078742e+02
1.037669706243898177e-02 8.995170849412996859e+02
1.048007699772467854e-02 9.558755784461858411e+02
1.058448687644568745e-02 1.015639713480421278e+03
1.068993695962100476e-02 1.079009316026588522e+03
1.079643761049709980e-02 1.146238156924994883e+03
1.090399929556636581e-02 1.217634814349308726e+03
1.101263258559574514e-02 1.293323589313428329e+03
1.112234815666556832e-02 1.373554658620553710e+03
1.123315679121877041e-02 1.458604706690292460e+03
1.134506937912054328e-02 1.548919271024614318e+03
1.145809691872856119e-02 1.644632738229070128e+03
1.157225051797384878e-02 1.746058571748711529e+03
1.168754139545243043e-02 1.853509179579253214e+03
1.180398088152785629e-02 1.967444315670347805e+03
1.192158041944470573e-02 2.088216678609912378e+03
1.204035156645318939e-02 2.215871905088504263e+03
1.216030599494494734e-02 2.350765297587193800e+03
1.228145549360017651e-02 2.493531443928456156e+03
1.240381196854617799e-02 2.644113259435284363e+03
1.252738744452744010e-02 2.803075378651217761e+03
1.265219406608739279e-02 2.970851555043162534e+03
1.277824409876192856e-02 3.147487885850218390e+03
1.290554993028481152e-02 3.334042674988859289e+03
1.303412407180509769e-02 3.530242776137647070e+03
1.316397915911669131e-02 3.737069914178956424e+03
1.329512795390013283e-02 3.954630271096737943e+03
1.342758334497677966e-02 4.183593276893047914e+03
1.356135834957547179e-02 4.424443894422560334e+03
1.369646611461180878e-02 4.677570107395720697e+03
1.383291991798019094e-02 4.943794304936676781e+03
1.397073316985871297e-02 5.223267343485926176e+03
1.410991941402707332e-02 5.517101762174163014e+03
1.425049232919760323e-02 5.825269179642637027e+03
1.439246573035956114e-02 6.149133778232906479e+03
1.453585357013682279e-02 6.488542370252346700e+03
1.468066994015908809e-02 6.845091219973506668e+03
1.482692907244675777e-02 7.218502155863737244e+03
1.497464534080960100e-02 7.610609388105999642e+03
1.512383326225936672e-02 8.020999393065435470e+03
1.527450749843645671e-02 8.451764619373723690e+03
1.542668285705081806e-02 8.902343557149843036e+03
1.558037429333719755e-02 9.375115942352893398e+03
1.573559691152487047e-02 9.869389167776733302e+03
1.589236596632205567e-02 1.038774294517529052e+04
1.605069686441505661e-02 1.092950925605867269e+04
1.621060516598241130e-02 1.149728309813356100e+04
1.637210658622405973e-02 1.209060060279111349e+04
1.653521699690579591e-02 1.271197422278276281e+04
1.669995242791907225e-02 1.336122180099643447e+04
1.686632906885636787e-02 1.404069698835056988e+04
1.703436327060223535e-02 1.475059766016501817e+04
1.720407154694021667e-02 1.549302094962079173e+04
1.737547057617574303e-02 1.626866578889147240e+04
1.754857720277522987e-02 1.707925326279926230e+04
1.772340843902147148e-02 1.792612940689549214e+04
1.789998146668557097e-02 1.881049260698415310e+04
1.807831363871548191e-02 1.973450844017918280e+04
1.825842248094139419e-02 2.069868198520006990e+04
1.844032569379812359e-02 2.170619911246664560e+04
1.862404115406462654e-02 2.275672356173083608e+04
1.880958691662086915e-02 2.385453365684100936e+04
1.899698121622220293e-02 2.499897698729100011e+04
1.918624246929139660e-02 2.619384791671359199e+04
1.937738927572855638e-02 2.743985011546361784e+04
1.957044042073902146e-02 2.873955097158395074e+04
1.976541487667953650e-02 3.009532586509732937e+04
1.996233180492277062e-02 3.150819853884300392e+04
2.016121055774042908e-02 3.298257522777077247e+04
2.036207068020512434e-02 3.451825621795639017e+04
2.056493191211118676e-02 3.612004527724194486e+04
2.076981418991463366e-02 3.778879511929422733e+04
2.097673764869243535e-02 3.952754628179992142e+04
2.118572262412132465e-02 4.133993828119746468e+04
2.139678965447631975e-02 4.322670980834378861e+04
2.160995948264913397e-02 4.519373153068763349e+04
2.182525305818671518e-02 4.724146340845467057e+04
2.204269153935009898e-02 4.937383008989283553e+04
2.226229629519376613e-02 5.159515546918840846e+04
2.248408890766569537e-02 5.390653874375116720e+04
2.270809117372838207e-02 5.631408242392478860e+04
2.293432510750094064e-02 5.881974879022634559e+04
2.316281294242259620e-02 6.142643809005316143e+04
2.339357713343768325e-02 6.414145408108294941e+04
2.362664035920244640e-02 6.696528734757867642e+04
2.386202552431380616e-02 6.990296372796717333e+04
2.409975576156037080e-02 7.296081621585956600e+04
2.433985443419576719e-02 7.614041840587025217e+04
2.458234513823478670e-02 7.944762163298003725e+04
2.482725170477225601e-02 8.288863644670865324e+04
2.507459820232509073e-02 8.646577896155649796e+04
2.532440893919765332e-02 9.018523125725488353e+04
2.557670846587068239e-02 9.405418725396375521e+04
2.583152157741403637e-02 9.807524649938436050e+04
2.608887331592344566e-02 1.022542773522439820e+05
2.634878897298156830e-02 1.066008660632160318e+05
2.661129409214355035e-02 1.111172937873585470e+05
2.687641447144735116e-02 1.158098553640859755e+05
2.714417616594907989e-02 1.206876341610312957e+05
2.741460549028360005e-02 1.257564874516419950e+05
2.768772902125062052e-02 1.310218604214744119e+05
2.796357360042657156e-02 1.364909973287428147e+05
2.824216633680249819e-02 1.421751737472935638e+05
2.852353460944823463e-02 1.480788218289943470e+05
2.880770607020310958e-02 1.542096291473340825e+05
2.909470864639347384e-02 1.605759167200540833e+05
2.938457054357729650e-02 1.671896602347113658e+05
2.967732024831610041e-02 1.740571505559922371e+05
2.997298653097451790e-02 1.811869408957593841e+05
3.027159844854772699e-02 1.885885772476631682e+05
3.057318534751709074e-02 1.962726720293604303e+05
3.087777686673419397e-02 2.042518245890535181e+05
3.118540294033365565e-02 2.125335332850266714e+05
3.149609380067494580e-02 2.211287346563952451e+05
3.180987998131349498e-02 2.300487447392102622e+05
3.212679232000145019e-02 2.393052691477494373e+05
3.244686196171826797e-02 2.489124517317693098e+05
3.277012036173153342e-02 2.588821362474412890e+05
3.309659928868827899e-02 2.692258941822851775e+05
3.342633082773709130e-02 2.799571120092874044e+05
3.375934738368129018e-02 2.910896357463029562e+05
3.409568168416361039e-02 3.026377838369061355e+05
3.443536678288249692e-02 3.146163591491236002e+05
3.477843606284053424e-02 3.270406671025136602e+05
3.512492323962520396e-02 3.399282442709919414e+05
3.547486236472229687e-02 3.532943010080128442e+05
3.582828782886243041e-02 3.671550504939583479e+05
3.618523436540076188e-02 3.815279650155754643e+05
3.654573705373053566e-02 3.964311067969298456e+05
3.690983132273049916e-02 4.118831414032337489e+05
3.727755295424674264e-02 4.279033633627514355e+05
3.764893808660921271e-02 4.445117107607786893e+05
3.802402321818325326e-02 4.617287858261369984e+05
3.840284521095652104e-02 4.795758779053959879e+05
3.878544129416165026e-02 4.980749860599550302e+05
3.917184906793501342e-02 5.172488342031802167e+05
3.956210650701191128e-02 5.371209043362642406e+05
3.995625196445860144e-02 5.577154491896601394e+05
4.035432417544149164e-02 5.790575212626548018e+05
4.075636226103388632e-02 6.011729951060006861e+05
4.116240573206066122e-02 6.240885975365479244e+05
4.157249449298126148e-02 6.478319261020770064e+05
4.198666884581134240e-02 6.724314862517591100e+05
4.240496949408349009e-02 6.979167090969997225e+05
4.282743754684747300e-02 7.243179861762416549e+05
4.325411452271021862e-02 7.516705644741937285e+05
4.368504235391616058e-02 7.800038727184250019e+05
4.412026339046816459e-02 8.093510690632696496e+05
4.455982040428951851e-02 8.397467125966256717e+05
4.500375659342743112e-02 8.712264738406044198e+05
4.545211558629835141e-02 9.038271752290854929e+05
4.590494144597562221e-02 9.375868161407649750e+05
4.636227867451983564e-02 9.725516700970603852e+05
4.682417221735231394e-02 1.008757137975349673e+06
4.729066746767220802e-02 1.046243863692901214e+06
4.776181027091756792e-02 1.085054993979001651e+06
4.823764692927084291e-02 1.125235836527313571e+06
4.871822420620931099e-02 1.166842684879908105e+06
4.920358933110081240e-02 1.209912831507883966e+06
4.969379000384528677e-02 1.254495219891403336e+06
5.018887439956253721e-02 1.300643947967115790e+06
5.068889117332669308e-02 1.348419375316154212e+06
5.119388946494787818e-02 1.397864563931212993e+06
5.170391890380147265e-02 1.449034977842916967e+06
5.221902961370548935e-02 1.502005936478385003e+06
5.273927221784661251e-02 1.556819982020647265e+06
5.326469784375519739e-02 1.613539871336431243e+06
5.379535812832992453e-02 1.672245880487864837e+06
5.433130522291249043e-02 1.732984653637891170e+06
5.487259179841284112e-02 1.795835299941456877e+06
5.541927105048547603e-02 1.860867808317497373e+06
5.597139670475730078e-02 1.928144832740908256e+06
5.652902302210763980e-02 1.997761333835027879e+06
5.709220480400072767e-02 2.069769746846497525e+06
5.766099739787144962e-02 2.144276435491499957e+06
5.823545670256465023e-02 2.221337962511657737e+06
5.881563917382869044e-02 2.301063633530582767e+06
5.940160182986368997e-02 2.383516979150321800e+06
5.999340225692507966e-02 2.468815069521449972e+06
6.059109861498296334e-02 2.557023105838682503e+06
6.119474964343786516e-02 2.648267010692581534e+06
6.180441466689341745e-02 2.742621170191324782e+06
6.242015360098657900e-02 2.840202383264872711e+06
6.304202695827590408e-02 2.941115284173697699e+06
6.367009585418852147e-02 3.045456280791414902e+06
6.430442201302630223e-02 3.153363979633552488e+06
6.494506777403190323e-02 3.264933347694444004e+06
6.559209609751526227e-02 3.380282718818350229e+06
6.624557057104109303e-02 3.499558842836871743e+06
6.690555541567802522e-02 3.622870903302459046e+06
6.757211549231002812e-02 3.750348939016920049e+06
6.824531630801070059e-02 3.882134663226778153e+06
6.892522402248105196e-02 4.018380029976662714e+06
6.961190545455143985e-02 4.159214446594550274e+06
7.030542808874831739e-02 4.304788062319182791e+06
7.100586008192627530e-02 4.455255760033149272e+06
7.171327026996635046e-02 4.610777254084371962e+06
7.242772817454087853e-02 4.771529525976722129e+06
7.314930400994588966e-02 4.937668309541592374e+06
7.387806869000146381e-02 5.109368388711486943e+06
7.461409383502091985e-02 5.286809927691014484e+06
7.535745177884936585e-02 5.470178581614278257e+06
7.610821557597244325e-02 5.659665737842937000e+06
7.686645900869577830e-02 5.855468599629929289e+06
7.763225659439612625e-02 6.057790327242004685e+06
7.840568359284459665e-02 6.266840293225230649e+06
7.918681601360295919e-02 6.482834187808742747e+06
7.997573062349352946e-02 6.705994221810513176e+06
8.077250495414357856e-02 6.936549272092783824e+06
8.157721730960482143e-02 7.174735145949423313e+06
8.238994677404887224e-02 7.420798661075628363e+06
8.321077321953933292e-02 7.675001450571457855e+06
8.403977731388136141e-02 7.937588865596706979e+06
8.487704052854938563e-02 8.208826341557977721e+06
8.572264514669369895e-02 8.488987239087551832e+06
8.657667427122718584e-02 8.778365488624459133e+06
8.743921183299220579e-02 9.077262014451209456e+06
8.831034259900903682e-02 9.385955727103723213e+06
8.919015218080648955e-02 9.704758227754449472e+06
9.007872704283546861e-02 1.003402462150947191e+07
9.097615451096641159e-02 1.037404214078215510e+07
9.188252278107129911e-02 1.072517218314573728e+07
9.279792092769129086e-02 1.108776779705604725e+07
9.372243891279058436e-02 1.146216888737901486e+07
9.465616759459762053e-02 1.184878282059526257e+07
9.559919873653417721e-02 1.224795152449706011e+07
9.655162501623366922e-02 1.266010981925884075e+07
9.751354003464908493e-02 1.308563234978525899e+07
9.848503832525175306e-02 1.352495145346277952e+07
9.946621536332178604e-02 1.397850815387077443e+07
1.004571675753310050e-01 1.444671691597083211e+07
1.014579923484193597e-01 1.493007029738049023e+07
1.024687880399658413e-01 1.542902601491662115e+07
1.034896539872546262e-01 1.594405531157891080e+07
1.045206905172375994e-01 1.647566110596597195e+07
1.055619989563941208e-01 1.702439078759166598e+07
1.066136816406890175e-01 1.759074664914432913e+07
1.076758419256298033e-01 1.817527386613809317e+07
1.087485841964240252e-01 1.877853669485982880e+07
1.098320138782379191e-01 1.940111591310344264e+07
1.109262374465571910e-01 2.004360924457306042e+07
1.120313624376509942e-01 2.070663175638268515e+07
1.131474974591402394e-01 2.139081642646337673e+07
1.142747522006711813e-01 2.209681473027850315e+07
1.154132374446952269e-01 2.282529701556550339e+07
1.165630650773563093e-01 2.357695269711266458e+07
1.177243480994865921e-01 2.435249099913139641e+07
1.188972006377118223e-01 2.515264129801418632e+07
1.200817379556672199e-01 2.597816906913638860e+07
1.212780764653252352e-01 2.682986599189707637e+07
1.224863337384360096e-01 2.770849779974554107e+07
1.237066285180819653e-01 2.861488007185745239e+07
1.249390807303474016e-01 2.954992229658994451e+07
1.261838114961043589e-01 3.051442926497710124e+07
1.274409431429160411e-01 3.150932745740640536e+07
1.287105992170586022e-01 3.253554089155750349e+07
1.299929044956628643e-01 3.359400851965574920e+07
1.312879849989769809e-01 3.468571339748466760e+07
1.325959680027511689e-01 3.581167508109004796e+07
1.339169820507460085e-01 3.697288647227819264e+07
1.352511569673651992e-01 3.817047109457206726e+07
1.365986238704141598e-01 3.940549081016128510e+07
1.379595151839858869e-01 4.067906177359364182e+07
1.393339646514751562e-01 4.199234877398392558e+07
1.407221073487221474e-01 4.334655409301318973e+07
1.421240796972874088e-01 4.474291764892403036e+07
1.435400194778587157e-01 4.618267690891788900e+07
1.449700658437917400e-01 4.766712881873238087e+07
1.464143593347854988e-01 4.919760559670653194e+07
1.478730418906940014e-01 5.077547520942141116e+07
1.493462568654757849e-01 5.240216596226929128e+07
1.508341490412819508e-01 5.407911891939318925e+07
1.523368646426850881e-01 5.580780684821023792e+07
1.538545513510493901e-01 5.758975103287092596e+07
1.553873583190445717e-01 5.942653580736837536e+07
1.569354361853037283e-01 6.131981357628298551e+07
1.584989370892277705e-01 6.327117028865009546e+07
1.600780146859370201e-01 6.528238240764050931e+07
1.616728241613719086e-01 6.735514126571311057e+07
1.632835222475440551e-01 6.949130001523937285e+07
1.649102672379393064e-01 7.169263197856159508e+07
1.665532190030742932e-01 7.396113651724354923e+07
1.682125390062078618e-01 7.629867768664354086e+07
1.698883903192091316e-01 7.870725955553083122e+07
1.715809376385835083e-01 8.118895451351778209e+07
1.732903473016585705e-01 8.374589101169477403e+07
1.750167873029310761e-01 8.638019179152545333e+07
1.767604273105767287e-01 8.909407518086101115e+07
1.785214386831246447e-01 9.188981398993287981e+07
1.802999944862978265e-01 9.476973631857147813e+07
1.820962695100213913e-01 9.773622658578962088e+07
1.839104402856003573e-01 1.007917361578620970e+08
1.857426851030683779e-01 1.039388086546262801e+08
1.875931840287095032e-01 1.071799629735060185e+08
1.894621189227544411e-01 1.105178155880535543e+08
1.913496734572530944e-01 1.139550962208349407e+08
1.932560331341251214e-01 1.174945617710957080e+08
1.951813853033904644e-01 1.211389603742837161e+08
1.971259191815814271e-01 1.248912930105787963e+08
1.990898258703381052e-01 1.287543681709679216e+08
2.010732983751891412e-01 1.327313195904281884e+08
2.030765316245197183e-01 1.368251301543930769e+08
2.050997224887282921e-01 1.410389533595678508e+08
2.071430697995743919e-01 1.453760607826062739e+08
2.092067743697189064e-01 1.498396435115660429e+08
2.112910390124594362e-01 1.544330442908056378e+08
2.133960685616618225e-01 1.591596752598999441e+08
2.155220698918906552e-01 1.640230450639703870e+08
2.176692519387399827e-01 1.690266327635194361e+08
2.198378257193668583e-01 1.741740360657037199e+08
2.220280043532292524e-01 1.794689150358042419e+08
2.242400030830306867e-01 1.849149920781109631e+08
2.264740392958734805e-01 1.905160511004512906e+08
2.287303325446227720e-01 1.962759367104085386e+08
2.310091045694833700e-01 2.021985531269786954e+08
2.333105793197915168e-01 2.082878631546407342e+08
2.356349829760238657e-01 2.145478868342013359e+08
2.379825439720256175e-01 2.209827003843180835e+08
2.403534930174602013e-01 2.275964342480610609e+08
2.427480631204825545e-01 2.343932712574457526e+08
2.451664896106383051e-01 2.413774677127057910e+08
2.476090101619911055e-01 2.485532970046179593e+08
2.500758648164803088e-01 2.559250736804920137e+08
2.525672960075115436e-01 2.634971700263277888e+08
2.550835485837819605e-01 2.712739985348155499e+08
2.576248698333433729e-01 2.792600077812463045e+08
2.601915095079044282e-01 2.874596776246039867e+08
2.627837198473756408e-01 2.958775138193795085e+08
2.654017556046583959e-01 3.045180414799341559e+08
2.680458740706812559e-01 3.133857974498142004e+08
2.707163350996854012e-01 3.224853238879402876e+08
2.734134011347623128e-01 3.318211492388116121e+08
2.761373372336456411e-01 3.413977730094915032e+08
2.788884110947600914e-01 3.512196454830945134e+08
2.816668930835299345e-01 3.612911340580252409e+08
2.844730562589493084e-01 3.716164683030910492e+08
2.873071764004176964e-01 3.821996359422830939e+08
2.901695320348425255e-01 3.930441140209403038e+08
2.930604044640114370e-01 4.041518906659373641e+08
2.959800777922380055e-01 4.155266720630378127e+08
2.989288389542820723e-01 4.271741501803018451e+08
3.019069777435490765e-01 4.391001138149933219e+08
3.049147868405694406e-01 4.513104494110197425e+08
3.079525618417624511e-01 4.638111418523912430e+08
3.110206012884862981e-01 4.766082752312819958e+08
3.141192066963774954e-01 4.897080335892304182e+08
3.172486825849829550e-01 5.031167016299585104e+08
3.204093365076868816e-01 5.168406654022542834e+08
3.236014790819360942e-01 5.308864129513229132e+08
3.268254240197661642e-01 5.452605349369624853e+08
3.300814881586321969e-01 5.599697252168956995e+08
3.333699914925461472e-01 5.750207813935282230e+08
3.366912572035249407e-01 5.904206053223843575e+08
3.400456116933512907e-01 6.061762035804073811e+08
3.434333846156515935e-01 6.222946878922920227e+08
3.468549089082928472e-01 6.387832755129573345e+08
3.503105208261026449e-01 6.556492895642365217e+08
3.538005599739149631e-01 6.729001593238123655e+08
3.573253693399455200e-01 6.905434204643929005e+08
3.608852953294991450e-01 7.085867152410610914e+08
3.644806877990133809e-01 7.270377926247164011e+08
3.681119000904408689e-01 7.459045083794568777e+08
3.717792890659749050e-01 7.651948250817304850e+08
3.754832151431199971e-01 7.849168120790182352e+08
3.792240423301129204e-01 8.050786453857930899e+08
3.830021382616957126e-01 8.256886075144350529e+08
3.868178742352455513e-01 8.467550872387542725e+08
3.906716252472647311e-01 8.682865792877255678e+08
3.945637700302336293e-01 8.902916839669907093e+08
3.984946910898312655e-01 9.127791067056542635e+08
4.024647747425265654e-01 9.357576575258443356e+08
4.064744111535442128e-01 9.592362504324800968e+08
4.105239943752084231e-01 9.832239027206258774e+08
4.146139223856691314e-01 1.007729734197801590e+09
4.187445971280138735e-01 1.032762966318547010e+09
4.229164245497690766e-01 1.058332921228513837e+09
4.271298146427952025e-01 1.084449020715319872e+09
4.313851814835792386e-01 1.111120785063354015e+09
4.356829432739286467e-01 1.138357831809679985e+09
4.400235223820705976e-01 1.166169874398160934e+09
4.444073453841608790e-01 1.194566720728873491e+09
4.488348431062061938e-01 1.223558271599855900e+09
4.533064506664041260e-01 1.253154519038189888e+09
4.578226075179049337e-01 1.283365544517383575e+09
4.623837574919994475e-01 1.314201517057996273e+09
4.669903488417371795e-01 1.345672691208397388e+09
4.716428342859789735e-01 1.377789404902527571e+09
4.763416710538884713e-01 1.410562077191507101e+09
4.810873209298671682e-01 1.444001205845891476e+09
4.858802502989365002e-01 1.478117364825352907e+09
4.907209301925726797e-01 1.512921201612541914e+09
4.956098363349980551e-01 1.548423434407854795e+09
5.005474491899332135e-01 1.584634849181803465e+09
5.055342540078155977e-01 1.621566296581669331e+09
5.105707408734876385e-01 1.659228688689100742e+09
5.156574047543608375e-01 1.697632995625289202e+09
5.207947455490593569e-01 1.736790242000345707e+09
5.259832681365480544e-01 1.776711503203491688e+09
5.312234824257503485e-01 1.817407901530641079e+09
5.365159034056597998e-01 1.858890602145973921e+09
5.418610511959517373e-01 1.901170808874070406e+09
5.472594510980984817e-01 1.944259759819170713e+09
5.527116336469942715e-01 1.988168722808137894e+09
5.582181346630938901e-01 2.032908990653666019e+09
5.637794953050715430e-01 2.078491876234345198e+09
5.693962621230036492e-01 2.124928707388109207e+09
5.750689871120826524e-01 2.172230821615697861e+09
5.807982277668622961e-01 2.220409560590673447e+09
5.865845471360502383e-01 2.269476264472697735e+09
5.924285138778393467e-01 2.319442266020591736e+09
5.983307023157947713e-01 2.370318884501927376e+09
6.042916924952954627e-01 2.422117419395779610e+09
6.103120702405395726e-01 2.474849143885413647e+09
6.163924272121169556e-01 2.528525298137603283e+09
6.225333609651549915e-01 2.583157082365425110e+09
6.287354750080447197e-01 2.638755649671361923e+09
6.349993788617509516e-01 2.695332098667611599e+09
6.413256881197140213e-01 2.752897465870551109e+09
6.477150245083478364e-01 2.811462717866391659e+09
6.541680159481411128e-01 2.871038743245102406e+09
6.606852966153667905e-01 2.931636344299759388e+09
6.672675070044069567e-01 2.993266228488586426e+09
6.739152939906978279e-01 3.055938999656986713e+09
6.806293108943024528e-01 3.119665149017013550e+09
6.874102175441167972e-01 3.184455045881810665e+09
6.942586803427150954e-01 3.250318928152638912e+09
7.011753723318414622e-01 3.317266892556230545e+09
7.081609732585542050e-01 3.385308884630390644e+09
7.152161696420282766e-01 3.454454688455782413e+09
7.223416548410245275e-01 3.524713916132094860e+09
7.295381291220300879e-01 3.596095996996839523e+09
7.368062997280780957e-01 3.668610166585267067e+09
7.441468809482529867e-01 3.742265455329943657e+09
7.515605941878877871e-01 3.817070676998833179e+09
7.590481680394618458e-01 3.893034416870840549e+09
7.666103383542038907e-01 3.970165019647933960e+09
7.742478483144085155e-01 4.048470577103250027e+09
7.819614485064738663e-01 4.127958915464757442e+09
7.897518969946664136e-01 4.208637582534265041e+09
7.976199593956203593e-01 4.290513834541810513e+09
8.055664089535800043e-01 4.373594622735747337e+09
8.135920266163912951e-01 4.457886579709058762e+09
8.216976011122504309e-01 4.543396005462727547e+09
8.298839290272170821e-01 4.630128853207271576e+09
8.381518148835002124e-01 4.718090714903894424e+09
8.465020712185231666e-01 4.807286806546906471e+09
8.549355186647774607e-01 4.897721953189585686e+09
8.634529860304706039e-01 4.989400573715795517e+09
8.720553103809793871e-01 5.082326665360183716e+09
8.807433371211128570e-01 5.176503787980141640e+09
8.895179200781957451e-01 5.271935048082983017e+09
8.983799215859797904e-01 5.368623082612458229e+09
9.073302125693900599e-01 5.466570042498855591e+09
9.163696726301172601e-01 5.565777575977683067e+09
9.254991901330604787e-01 5.666246811682175636e+09
9.347196622936337906e-01 5.767978341515503883e+09
9.440319952659400604e-01 5.870972203309010506e+09
9.534371042318253719e-01 5.975227863273363113e+09
9.629359134908190843e-01 6.080744198250045776e+09
9.725293565509710580e-01 6.187519477771278381e+09
9.822183762205930480e-01 6.295551345936849594e+09
9.920039247009145855e-01 6.404836803117286682e+09
1.001886963679662124e+00 6.515372187493122101e+09
1.011868464425569103e+00 6.627153156440917969e+09
1.021949407883830485e+00 6.740174667777256966e+09
1.032130784772504306e+00 6.854430960872764587e+09
1.042413595679877680e+00 6.969915537648829460e+09
1.052798851162799920e+00 7.086621143470552444e+09
1.063287571845996204e+00 7.204539747950252533e+09
1.073880788522371788e+00 7.323662525676624298e+09
1.084579542254313411e+00 7.443979836885439873e+09
1.095384884476001686e+00 7.565481208088751793e+09
1.106297877096742655e+00 7.688155312680151939e+09
1.117319592605326983e+00 7.811989951534781456e+09
1.128451114175431425e+00 7.936972033623637199e+09
1.139693535772069000e+00 8.063087556662588120e+09
1.151047962259099000e+00 8.190321587817685127e+09
1.162515509507809908e+00 8.318658244489058495e+09
1.174097304506582784e+00 8.448080675197022438e+09
1.185794485471647342e+00 8.578571040594750404e+09
1.197608201958941798e+00 8.710110494633129120e+09
1.209539614977087174e+00 8.842679165904325485e+09
1.221589897101486688e+00 8.976256139191740036e+09
1.233760232589562467e+00 9.110819437255092621e+09
1.246051817497139780e+00 9.246346002880468369e+09
1.258465859795990571e+00 9.382811681226247787e+09
1.271003579492549829e+00 9.520191202496984482e+09
1.283666208747811455e+00 9.658458164978357315e+09
1.296454991998422734e+00 9.797585018467517853e+09
1.309371186078980509e+00 9.937543048134126663e+09
1.322416060345550370e+00 1.007830235884875870e+10
1.335590896800413097e+00 1.021983186001608467e+10
1.348896990218056091e+00 1.036209925095171547e+10
1.362335648272417377e+00 1.050507100684238434e+10
1.375908191665401237e+00 1.064871236533054543e+10
1.389615954256669950e+00 1.079298731376507568e+10
1.403460283194732039e+00 1.093785857716138077e+10
1.417442539049333927e+00 1.108328760691470146e+10
1.431564095945172532e+00 1.122923457031170464e+10
1.445826341696939243e+00 1.137565834088643646e+10
1.460230677945708377e+00 1.152251648966740799e+10
1.474778520296686102e+00 1.166976527736365509e+10
1.489471298458330928e+00 1.181735964753854179e+10
1.504310456382859762e+00 1.196525322082062531e+10
1.519297452408154170e+00 1.211339829020185089e+10
1.534433759401081065e+00 1.226174581747400284e+10
1.549720864902240258e+00 1.241024543085491180e+10
1.565160271272154180e+00 1.255884542385661888e+10
1.580753495838915113e+00 1.270749275544795609e+10
1.596502071047301907e+00 1.285613305156475830e+10
1.612407544609383292e+00 1.300471060802101326e+10
1.628471479656621534e+00 1.315316839487449074e+10
1.644695454893490894e+00 1.330144806230088234e+10
1.661081064752627068e+00 1.344948994803010559e+10
1.677629919551522075e+00 1.359723308639871788e+10
1.694343645650780550e+00 1.374461521907216454e+10
1.711223885613952334e+00 1.389157280749022675e+10
1.728272298368957571e+00 1.403804104708877182e+10
1.745490559371119854e+00 1.418395388335038757e+10
1.762880360767824506e+00 1.432924402973579979e+10
1.780443411564815559e+00 1.447384298754723740e+10
1.798181437794151627e+00 1.461768106777402306e+10
1.816096182683832883e+00 1.476068741496953773e+10
1.834189406829120683e+00 1.490279003320759201e+10
1.852462888365560278e+00 1.504391581416462898e+10
1.870918423143731246e+00 1.518399056737314415e+10
1.889557824905736094e+00 1.532293905268928337e+10
1.908382925463449009e+00 1.546068501501637077e+10
1.927395574878538520e+00 1.559715122132364655e+10
1.946597641644285392e+00 1.573225949999735641e+10
1.965991012869211074e+00 1.586593078255894279e+10
1.985577594462536455e+00 1.599808514778239632e+10
2.005359311321486704e+00 1.612864186824001503e+10
2.025338107520462838e+00 1.625751945930276489e+10
2.045515946502100224e+00 1.638463573061827660e+10
2.065894811270225784e+00 1.650990784008598709e+10
2.086476704584741881e+00 1.663325235034526634e+10
2.107263649158450658e+00 1.675458528778866386e+10
2.128257687855837244e+00 1.687382220410815811e+10
2.149460883893836716e+00 1.699087824037803841e+10
2.170875321044597239e+00 1.710566819367361450e+10
2.192503103840268253e+00 1.721810658622035217e+10
2.214346357779823915e+00 1.732810773706256866e+10
2.236407229537950681e+00 1.743558583623653412e+10
2.258687887176013653e+00 1.754045502142662430e+10
2.281190520355127038e+00 1.764262945707822800e+10
2.303917340551343340e+00 1.774202341593503571e+10
2.326870581272992844e+00 1.783855136296252823e+10
2.350052498280180924e+00 1.793212804161325073e+10
2.373465369806478709e+00 1.802266856238315201e+10
2.397111496782817763e+00 1.811008849360189056e+10
2.420993203063617649e+00 1.819430395439302826e+10
2.445112835655166350e+00 1.827523170973366165e+10
2.469472764946273990e+00 1.835278926753549576e+10
2.494075384941227824e+00 1.842689497766269684e+10
2.518923113495064037e+00 1.849746813279449844e+10
2.544018392551187890e+00 1.856442907103290939e+10
2.569363688381356869e+00 1.862769928014891434e+10
2.594961491828059241e+00 1.868720150335235596e+10
2.620814318549301802e+00 1.874285984646389771e+10
2.646924709265841891e+00 1.879459988635893250e+10
2.673295230010879209e+00 1.884234878054638672e+10
2.699928472382236322e+00 1.888603537773723221e+10
2.726827053797051370e+00 1.892559032924977875e+10
2.753993617749007861e+00 1.896094620109183884e+10
2.781430834068127744e+00 1.899203758655121994e+10
2.809141399183152643e+00 1.901880121911956024e+10
2.837128036386539431e+00 1.904117608556648254e+10
2.865393496102093263e+00 1.905910353897398758e+10
2.893940556155272237e+00 1.907252741153385544e+10
2.922772022046179696e+00 1.908139412690427399e+10
2.951890727225278344e+00 1.908565281191476822e+10
2.981299533371852828e+00 1.908525540740221786e+10
3.011001330675244336e+00 1.908015677795512009e+10
3.040999038118887388e+00 1.907031482033662033e+10
3.071295603767177251e+00 1.905569057035204697e+10
3.101894005055194192e+00 1.903624830792132187e+10
3.132797249081316515e+00 1.901195566011191940e+10
3.164008372902745059e+00 1.898278370188415527e+10
3.195530443833975554e+00 1.894870705429612732e+10
3.227366559748241492e+00 1.890970397991351700e+10
3.259519849381963486e+00 1.886575647516558075e+10
3.291993472642229523e+00 1.881685035938748932e+10
3.324790620917338124e+00 1.876297536028733826e+10
3.357914517390435893e+00 1.870412519557510757e+10
3.391368417356282361e+00 1.864029765049123383e+10
3.425155608541166075e+00 1.857149465097237396e+10
3.459279411426011919e+00 1.849772233219384384e+10
3.493743179572704971e+00 1.841899110222972488e+10
3.528550299953665093e+00 1.833531570057495117e+10
3.563704193284709110e+00 1.824671525127679062e+10
3.599208314361223238e+00 1.815321331042840958e+10
3.635066152397688821e+00 1.805483790778160095e+10
3.671281231370590259e+00 1.795162158224292374e+10
3.707857110364737085e+00 1.784360141102389908e+10
3.744797383923038403e+00 1.773081903222443771e+10
3.782105682399761637e+00 1.761332066063735580e+10
3.819785672317309810e+00 1.749115709657182693e+10
3.857841056726554640e+00 1.736438372750427628e+10
3.896275575570757876e+00 1.723306052237739182e+10
3.935093006053119069e+00 1.709725201837994766e+10
3.974297163007986633e+00 1.695702730005428696e+10
4.013891899275764175e+00 1.681245997059269142e+10
4.053881106081554719e+00 1.666362811519898224e+10
4.094268713417575256e+00 1.651061425640841675e+10
4.135058690429381123e+00 1.635350530127586555e+10
4.176255045805942423e+00 1.619239248036027145e+10
4.217861828173597338e+00 1.602737127845203400e+10
4.259883126493941852e+00 1.585854135701004410e+10
4.302323070465677191e+00 1.568600646829453087e+10
4.345185830930456738e+00 1.550987436120381165e+10
4.388475620282785705e+00 1.533025667884357071e+10
4.432196692883999312e+00 1.514726884788048553e+10
4.476353345480363899e+00 1.496102995975391006e+10
4.520949917625344483e+00 1.477166264384302521e+10
4.565990792106085827e+00 1.457929293270968246e+10
4.611480395374128349e+00 1.438405011956202507e+10
4.657423197980431695e+00 1.418606660810690880e+10
4.703823715014716633e+00 1.398547775498423195e+10
4.750686506549198995e+00 1.378242170500008202e+10
4.798016178086728978e+00 1.357703921940024185e+10
4.845817381013409531e+00 1.336947349744921112e+10
4.894094813055713367e+00 1.315986999160475540e+10
4.942853218742160770e+00 1.294837621660060883e+10
4.992097389869591950e+00 1.273514155277425385e+10
5.041832165974091673e+00 1.252031704399867630e+10
5.092062434806593707e+00 1.230405519059976768e+10
5.142793132813238799e+00 1.208650973766204453e+10
5.194029245620505719e+00 1.186783545914658546e+10
5.245775808525181994e+00 1.164818793826431274e+10
5.298037906989213397e+00 1.142772334456696892e+10
5.350820677139484616e+00 1.120659820823550987e+10
5.404129306272580813e+00 1.098496919206226349e+10
5.457969033364573619e+00 1.076299286163829231e+10
5.512345149585890169e+00 1.054082545427115822e+10
5.567262998821306930e+00 1.031862264717048073e+10
5.622727978195131371e+00 1.009653932544948769e+10
5.678745538601607912e+00 9.874729350499708176e+09
5.735321185240615627e+00 9.653345329303121567e+09
5.792460478158694137e+00 9.432538385251819611e+09
5.850169032795466961e+00 9.212457931048423767e+09
5.908452520535508512e+00 8.993251444262495041e+09
5.967316669265702700e+00 8.775064246117790222e+09
6.026767263938160646e+00 8.558039284082451820e+09
6.086810147138746352e+00 8.342316918830411911e+09
6.147451219661260957e+00 8.128034716135198593e+09
6.208696441087353968e+00 7.915327244248969078e+09
6.270551830372206759e+00 7.704325877308789253e+09
6.333023466436054072e+00 7.495158605299189568e+09
6.396117488761601244e+00 7.287949851085212708e+09
6.459840097997383346e+00 7.082820295012930870e+09
6.524197556567148837e+00 6.879886707555434227e+09
6.589196189285302374e+00 6.679261790461034775e+09
6.654842383978487597e+00 6.481054026837542534e+09
6.721142592113358738e+00 6.285367540581343651e+09
6.788103329430605903e+00 6.092301965533397675e+09
6.855731176585297071e+00 5.901952324715720177e+09
6.924032779793605208e+00 5.714408919971836090e+09
6.993014851485969352e+00 5.529757232303132057e+09
7.062684170966768704e+00 5.348077833159996986e+09
7.133047585080571018e+00 5.169446306912309647e+09
7.204112008885015683e+00 4.993933184688508034e+09
7.275884426330379462e+00 4.821603889736117363e+09
7.348371890945969653e+00 4.652518694418999672e+09
7.421581526533294948e+00 4.486732688929241180e+09
7.495520527866172067e+00 4.324295761752557755e+09
7.570196161397800161e+00 4.165252591887585163e+09
7.645615765974884681e+00 4.009642652780241489e+09
7.721786753558867566e+00 3.857500227895488739e+09
7.798716609954350787e+00 3.708854437809673309e+09
7.876412895544774528e+00 3.563729278668424129e+09
7.954883246035421074e+00 3.422143671816789627e+09
8.034135373203826092e+00 3.284111524371130466e+09
8.114177065657658616e+00 3.149641800465875626e+09
8.195016189600167422e+00 3.018738602872705936e+09
8.276660689603232868e+00 2.891401264655746937e+09
8.359118589388133458e+00 2.767624450493462086e+09
8.442397992614084856e+00 2.647398267266676903e+09
8.526507083674646381e+00 2.530708383482647419e+09
8.611454128502044725e+00 2.417536157077442169e+09
8.697247475379517923e+00 2.307858771112987041e+09
8.783895555761763063e+00 2.201649376861627102e+09
8.871406885103542805e+00 2.098877243749548674e+09
8.959790063696551954e+00 1.999507915611276388e+09
9.049053777514624031e+00 1.903503372690757036e+09
9.139206799067357778e+00 1.810822198810208321e+09
9.230257988262247082e+00 1.721419753116318226e+09
9.322216293275399579e+00 1.635248345804153681e+09
9.415090751430927440e+00 1.552257417212678194e+09
9.508890490089108027e+00 1.472393719681915522e+09
9.603624727543385475e+00 1.395601501560647726e+09
9.699302773926307353e+00 1.321822692754871130e+09
9.795934032124490543e+00 1.250997091211429834e+09
9.893527998702712267e+00 1.183062549737751722e+09
9.992094264837179551e+00 1.117955162567930460e+09
1.009164251725813521e+01 1.055609451096882463e+09
1.019218253920180395e+01 9.959585482184557915e+08
1.029372421137192184e+01 9.389343807194973230e+08
1.039627751291064861e+01 8.844678492006468773e+08
1.049985252237944700e+01 8.324890050146956444e+08
1.060445941874938924e+01 7.829272237364176512e+08
1.071010848240168656e+01 7.357113747013852596e+08
1.081681009613783395e+01 6.907699861778073311e+08
1.092457474620016100e+01 6.480314057622132301e+08
1.103341302330221652e+01 6.074239556190536022e+08
1.114333562366975272e+01 5.688760822136200666e+08
1.125435335009173698e+01 5.323165002190031409e+08
1.136647711298219043e+01 4.976743303089115024e+08
1.147971793145223884e+01 4.648792305809084177e+08
1.159408693439321603e+01 4.338615213867785335e+08
1.170959536157018377e+01 4.045523033801014423e+08
1.182625456472672454e+01 3.768835686236385107e+08
1.194407600870035679e+01 3.507883046323856115e+08
1.206307127254944689e+01 3.262005912603510618e+08
1.218325205069097095e+01 3.030556903715309501e+08
1.230463015404998650e+01 2.812901282667437196e+08
1.242721751122016904e+01 2.608417708689694107e+08
1.255102616963631768e+01 2.416498916993082762e+08
1.267606829675812286e+01 2.236552327046640515e+08
1.280235618126614838e+01 2.068000580254700482e+08
1.292990223426930996e+01 1.910282008182050586e+08
1.305871899052480423e+01 1.762851032719457746e+08
1.318881910966975823e+01 1.625178499816375971e+08
1.332021537746560114e+01 1.496751948621487617e+08
1.345292070705437304e+01 1.377075818072823882e+08
1.358694814022800124e+01 1.265671593158916235e+08
1.372231084870978890e+01 1.162077893237872571e+08
1.385902213544909323e+01 1.065850504944999814e+08
1.399709543592847183e+01 9.765623623479768634e+07
1.413654431948429924e+01 8.938034771154171228e+07
1.427738249064008613e+01 8.171808215557855368e+07
1.441962379045352982e+01 7.463181674536144733e+07
1.456328219787654277e+01 6.808558836844140291e+07
1.470837183112927526e+01 6.204506956240362674e+07
1.485490694908737375e+01 5.647754093874979019e+07
1.500290195268352811e+01 5.135186039329430461e+07
1.515237138632249803e+01 4.663842940528748184e+07
1.530332993931073027e+01 4.230915672444822639e+07
1.545579244729972324e+01 3.833741974075917155e+07
1.560977389374426494e+01 3.469802382607838511e+07
1.576528941137470596e+01 3.136715992968888581e+07
1.592235428368440076e+01 2.832236070171360299e+07
1.608098394643145568e+01 2.554245540919307992e+07
1.624119398915596335e+01 2.300752389945458621e+07
1.640300015671180489e+01 2.069884985449758545e+07
1.656641835081428837e+01 1.859887356841344759e+07
1.673146463160262343e+01 1.669114446762340516e+07
1.689815521921852692e+01 1.496027358090897463e+07
1.706650649540001297e+01 1.339188615308066271e+07
1.723653500509159997e+01 1.197257458265147358e+07
1.740825745807000757e+01 1.068985185027596354e+07
1.758169073058661169e+01 9.532105590973233804e+06
1.775685186702570206e+01 8.488552949462661520e+06
1.793375808157982831e+01 7.549196344307146966e+06
1.811242675994125761e+01 6.704780253140091896e+06
1.829287546101085837e+01 5.946749118056932464e+06
1.847512191862344366e+01 5.267206457412815653e+06
1.865918404329087821e+01 4.658875257794126868e+06
1.884507992396195775e+01 4.115059707928515039e+06
1.903282782980043564e+01 3.629608324774355162e+06
1.922244621198012027e+01 3.196878511067792773e+06
1.941395370549852828e+01 2.811702573206547182e+06
1.960736913100792478e+01 2.469355218575142790e+06
1.980271149666528174e+01 2.165522542262407020e+06
2.000000000000000355e+01 1.896272504630303709e+06
