# Saclay seismic solar model 
#  Longitudinal plasmon->axion flux for g_ag = 1e-10 GeV^{-1} 
#  B = 7e6 G with step down to 1e3 at 0.75 R_sol 
#  omega [keV] 	 Flux [keV^{-1} s^{-1} cm^{-2}] 
1.000000000000000021e-03 4.663808376994390770e+00
1.009962701490044103e-03 4.746413000533039828e+00
1.020024658401067841e-03 4.830172423633976919e+00
1.030186859585202055e-03 4.950868108465123818e+00
1.040450303746215301e-03 5.033283902372422070e+00
1.050815999537664525e-03 5.120301542326052058e+00
1.061284965662020628e-03 5.252363433758010736e+00
1.071858230970783050e-03 5.342567561767902262e+00
1.082536834565591809e-03 5.485004851610760568e+00
1.093321825900345906e-03 5.585633117289626526e+00
1.104214264884341087e-03 5.686272373043159689e+00
1.115215221986432187e-03 5.841598917973464644e+00
1.126325778340236299e-03 5.948524550519354470e+00
1.137547025850381768e-03 6.056479175076254329e+00
1.148880067299816454e-03 6.224085176728994639e+00
1.160326016458186312e-03 6.339296943989781496e+00
1.171885998191291240e-03 6.458317225984320231e+00
1.183561148571633586e-03 6.637319181989405514e+00
1.195352614990066471e-03 6.762064197496117757e+00
1.207261556268556012e-03 6.957976841949675695e+00
1.219289142774065710e-03 7.088643840966315501e+00
1.231436556533575550e-03 7.221573869965378201e+00
1.243704991350247325e-03 7.434492010603946710e+00
1.256095652920747674e-03 7.577561655000446983e+00
1.268609758953739234e-03 7.797007935136685219e+00
1.281248539289552056e-03 7.945514112260149808e+00
1.294013236021048950e-03 8.100280052801020148e+00
1.306905103615692764e-03 8.331492910451292033e+00
1.319925409038831023e-03 8.491987127792397061e+00
1.333075431878209165e-03 8.737021215186405954e+00
1.346356464469723475e-03 8.904289027798652612e+00
1.359769812024426471e-03 9.076130407924246413e+00
1.373316792756799302e-03 9.343063293433884198e+00
1.386998738014300027e-03 9.526567977184409841e+00
1.400816992408204266e-03 9.800658199691520522e+00
1.414772913945748630e-03 9.989428841710228824e+00
1.428867874163589936e-03 1.018278033790958936e+01
1.443103258262595605e-03 1.047089848124313427e+01
1.457480465243975870e-03 1.067228106576278179e+01
1.472000908046772324e-03 1.098471606492510411e+01
1.486666013686716243e-03 1.120083956417373194e+01
1.501477223396470786e-03 1.154679455179450898e+01
1.516435992767270089e-03 1.177850380923637452e+01
1.531543791891969110e-03 1.201210187557491871e+01
1.546802105509518990e-03 1.237042925138077543e+01
1.562212433150882021e-03 1.261286750712519833e+01
1.577776289286399658e-03 1.299011750230242335e+01
1.593495203474629618e-03 1.325049561779931295e+01
1.609370720512664447e-03 1.365233126001349184e+01
1.625404400587949312e-03 1.392219854726381634e+01
1.641597819431610955e-03 1.434817023698968796e+01
1.657952568473315593e-03 1.463035993320368178e+01
1.674470254997667031e-03 1.491800255346067061e+01
1.691152502302166894e-03 1.536867408830596382e+01
1.708000949856744357e-03 1.567339278290366344e+01
1.725017253464878990e-03 1.614846140659313889e+01
1.742203085426325196e-03 1.646377776912916246e+01
1.759560134701461647e-03 1.695109609235759507e+01
1.777090107077273964e-03 1.728191016142407221e+01
1.794794725334995355e-03 1.779927497431042127e+01
1.812675729419413679e-03 1.814973448898641450e+01
1.830734876609867254e-03 1.868565639312703652e+01
1.848973941692944175e-03 1.904545829281156699e+01
1.867394717136901163e-03 1.960036474341430335e+01
1.885999013267821269e-03 1.998065258559057966e+01
1.904788658447526461e-03 2.057607291117912851e+01
1.923765499253260718e-03 2.097270801057592848e+01
1.942931400659166606e-03 2.157617159448502164e+01
1.962288246219567271e-03 2.199108457565098007e+01
1.981837938254074876e-03 2.264434941125060874e+01
2.001582398034544574e-03 2.308795886914849405e+01
2.021523565973889613e-03 2.376844576666757192e+01
2.041663401816776885e-03 2.422897971407436657e+01
2.062003884832225471e-03 2.494876052694394630e+01
2.082547014008119882e-03 2.543502718067705359e+01
2.103294808247665754e-03 2.617892974568975006e+01
2.124249306567796685e-03 2.668545310290576822e+01
2.145412568299564712e-03 2.746840177508064329e+01
2.166786673290522266e-03 2.801264211263836401e+01
2.188373722109121598e-03 2.883279852185932057e+01
2.210175836251151212e-03 2.939264898863907405e+01
2.232195158348230114e-03 3.023935615322597315e+01
2.254433852378375045e-03 3.082446900179309779e+01
2.276894103878671083e-03 3.171486494882183749e+01
2.299578120160055989e-03 3.232145346334149139e+01
2.322488130524247383e-03 3.326340986322309590e+01
2.345626386482830943e-03 3.390188787338468046e+01
2.368995161978530023e-03 3.486336368339016190e+01
2.392596753608680973e-03 3.552297544357374903e+01
2.416433480850932805e-03 3.653142329733736915e+01
2.440507686291198963e-03 3.722104472835165723e+01
2.464821735853876383e-03 3.829239178445656933e+01
2.489378019034360883e-03 3.902536594309591322e+01
2.514178949133877555e-03 4.014626980878325924e+01
2.539226963496650849e-03 4.090020605206678539e+01
2.564524523749439101e-03 4.204568163041066242e+01
2.590074116043452560e-03 4.283566867021902169e+01
2.615878251298683118e-03 4.403017937689649131e+01
2.641939465450670460e-03 4.485832466065957647e+01
2.668260319699722414e-03 4.612880272872796183e+01
2.694843400762620290e-03 4.700106813515669302e+01
2.721691321126833499e-03 4.832908935547246898e+01
2.748806719307263832e-03 4.925043436184784440e+01
2.776192260105549755e-03 5.065815427583682862e+01
2.803850634871951977e-03 5.162156405281675831e+01
2.831784561769851941e-03 5.310836642278829345e+01
2.859996786042880157e-03 5.410351091898105125e+01
2.888490080284711239e-03 5.559224393691228272e+01
2.917267244711541259e-03 5.661957022410292950e+01
2.946331107437285581e-03 5.817732169014106347e+01
2.975684524751514518e-03 5.925003994777966199e+01
3.005330381400157617e-03 6.088926682891604969e+01
3.035271590869007777e-03 6.256643298396547692e+01
3.065511095670049938e-03 6.372999235415270647e+01
3.096051867630625603e-03 6.549838482312135568e+01
3.126896908185526451e-03 6.672211698399934221e+01
3.158049248671917272e-03 6.855188133606327483e+01
3.189511950627296841e-03 6.979263125864466133e+01
3.221288106090321526e-03 7.166947557699340621e+01
3.253380837904732304e-03 7.297410270551699796e+01
3.285793300026203494e-03 7.493597908220019121e+01
3.318528677832354758e-03 7.629994998914982318e+01
3.351590188435745951e-03 7.835422041455862541e+01
3.384981081000095100e-03 7.978351502501811865e+01
3.418704637059542546e-03 8.196204762697782087e+01
3.452764170841199787e-03 8.345205596191567565e+01
3.487163029590806956e-03 8.566297285830118824e+01
3.521904593901741334e-03 8.719990056009542911e+01
3.556992278047195651e-03 8.951184396330219784e+01
3.592429530315775516e-03 9.190171041576900279e+01
3.628219833350327349e-03 9.355406878071319454e+01
3.664366704490257861e-03 9.606590940523807376e+01
3.700873696117147355e-03 9.779447214027351265e+01
3.737744396003922238e-03 1.003945406130602720e+02
3.774982427667390728e-03 1.021766141635752660e+02
3.812591450724407173e-03 1.048438628646219257e+02
3.850575161251464616e-03 1.066985423222439380e+02
3.888937292147995328e-03 1.094833391416732695e+02
3.927681613503162042e-03 1.114266601957349394e+02
3.966811932966433051e-03 1.143263730129254157e+02
4.006332096121718693e-03 1.163540528562111689e+02
4.046245986865365865e-03 1.193622957201673103e+02
4.086557527787790245e-03 1.214364892721493305e+02
4.127270680559036800e-03 1.245277077330249540e+02
4.168389446318053471e-03 1.276842261830346388e+02
4.209917866065974665e-03 1.299182324855817399e+02
4.251860021063189055e-03 1.332237618229093243e+02
4.294220033230498716e-03 1.355581593610600919e+02
4.337002065554137163e-03 1.389579492459773462e+02
4.380210322494961991e-03 1.413332194717524715e+02
4.423849050401584479e-03 1.448449174013513243e+02
4.467922537927755330e-03 1.473239014595141612e+02
4.512435116453764571e-03 1.509630105246104961e+02
4.557391160512191258e-03 1.535408730761317031e+02
4.602795088217735003e-03 1.573126199520516195e+02
4.648651361701493581e-03 1.611800179094888108e+02
4.694964487549408219e-03 1.639142021513223426e+02
4.741739017245226104e-03 1.679456672433990150e+02
4.788979547617730308e-03 1.708137586615845009e+02
4.836690721292577141e-03 1.749848355203349399e+02
4.884877227148475519e-03 1.779219503524239201e+02
4.933543800778075229e-03 1.821823083018641967e+02
4.982695224953284825e-03 1.852187007114203539e+02
5.032336330095362603e-03 1.896260286914910296e+02
5.082471994749607203e-03 1.940965529686694140e+02
5.133107146064806552e-03 1.973214782712666420e+02
5.184246760277462507e-03 2.019782422513533788e+02
5.235895863200834555e-03 2.052999826351783952e+02
5.288059530718861555e-03 2.101368880067925602e+02
5.340742889284996221e-03 2.135912511969029026e+02
5.393951116426018259e-03 2.185394116436420688e+02
5.447689441250860853e-03 2.235063502112824096e+02
5.501963144964508619e-03 2.271238781063938745e+02
5.556777561387013856e-03 2.322561672096359473e+02
5.612138077477688350e-03 2.359928135136547382e+02
5.668050133864508018e-03 2.413187698688062426e+02
5.724519225378804990e-03 2.451917105361138738e+02
5.781550901595272282e-03 2.507018939325398605e+02
5.839150767377361724e-03 2.563162328968372776e+02
5.897324483428103767e-03 2.603698929926928258e+02
5.956077766846426362e-03 2.660683834571075863e+02
6.015416391689005875e-03 2.702224888288850480e+02
6.075346189537722021e-03 2.760776656238052738e+02
6.135873050072762798e-03 2.803761351343837305e+02
6.197002921651444465e-03 2.863954302150893341e+02
6.258741811892789067e-03 2.924891815448117995e+02
6.321095788267934966e-03 2.970108975678089109e+02
6.384070978696422885e-03 3.032864623961438610e+02
6.447673572148429448e-03 3.078971030740290189e+02
6.511909819252990721e-03 3.142969171788844847e+02
6.576786032912294681e-03 3.208090969861207782e+02
6.642308588922091195e-03 3.256550097655330660e+02
6.708483926598278468e-03 3.323587402957733161e+02
6.775318549409736248e-03 3.373695810093269642e+02
6.842819025617463864e-03 3.442344969603313984e+02
6.910991988920084719e-03 3.511404905684517530e+02
6.979844139105782254e-03 3.563225124616809012e+02
7.049382242710726387e-03 3.633891207021536616e+02
7.119613133684071088e-03 3.705322030863917462e+02
7.190543714059562976e-03 3.759413588696715465e+02
7.262180954633852027e-03 3.832946291912067522e+02
7.334531895651552093e-03 3.888238630696449150e+02
7.407603647497136221e-03 3.962194780425325007e+02
7.481403391393711896e-03 4.036932282336647972e+02
7.555938380108770738e-03 4.094518678182508324e+02
7.631215938666962087e-03 4.170693083249506117e+02
7.707243465069967686e-03 4.248452286058618483e+02
7.784028431023552914e-03 4.307863669971953868e+02
7.861578382671857018e-03 4.386872874264669804e+02
7.939900941338999540e-03 4.447883027214147660e+02
8.019003804278080141e-03 4.528194868128879875e+02
8.098894745427631658e-03 4.608264702168775102e+02
8.179581616175614009e-03 4.670871721937474490e+02
8.261072346131024396e-03 4.752771658850942913e+02
8.343374943903185403e-03 4.835160763811412608e+02
8.426497497888806379e-03 4.900191230599972982e+02
8.510448177066875369e-03 4.984631654378634380e+02
8.595235231801483938e-03 5.069828702169036205e+02
8.680866994652631716e-03 5.136844984329393355e+02
8.767351881195132104e-03 5.222444538478712275e+02
8.854698390845655576e-03 5.308444355186743451e+02
8.942915107698025043e-03 5.377220763147032585e+02
9.032010701366825767e-03 5.464410511667443870e+02
9.121993927839426933e-03 5.552167080975489171e+02
9.212873630336486028e-03 5.622946625479902423e+02
9.304658740181027954e-03 5.712072770363861309e+02
9.397358277676180413e-03 5.801140703545079305e+02
9.490981352991664441e-03 5.874279036975729014e+02
9.585537167059093866e-03 5.964827995570703933e+02
9.681035012476227677e-03 6.056158990656957712e+02
9.777484274420192648e-03 6.146565069347536792e+02
9.874894431569842743e-03 6.221335856630806802e+02
9.973275057037270935e-03 6.312200258775635575e+02
1.007263581930863648e-02 6.403348968899501870e+02
1.017298648319433368e-02 3.175061242125268936e+10
1.027433691078865306e-02 3.220002679999388504e+10
1.037669706243898177e-02 3.264927763355344772e+10
1.048007699772467854e-02 3.310037669256379700e+10
1.058448687644568745e-02 3.348689958941508865e+10
1.068993695962100476e-02 3.394029278901511002e+10
1.079643761049709980e-02 3.439187680422742462e+10
1.090399929556636581e-02 3.484001466774907684e+10
1.101263258559574514e-02 3.523232523704473877e+10
1.112234815666556832e-02 3.568220626656458282e+10
1.123315679121877041e-02 3.613209774503952026e+10
1.134506937912054328e-02 3.658535209077394104e+10
1.145809691872856119e-02 3.703662315690323639e+10
1.157225051797384878e-02 3.744372712518121338e+10
1.168754139545243043e-02 3.703607161004252625e+10
1.180398088152785629e-02 3.657666420914370728e+10
1.192158041944470573e-02 3.599550440408068848e+10
1.204035156645318939e-02 3.590762879918981934e+10
1.216030599494494734e-02 3.543278218963468933e+10
1.228145549360017651e-02 3.498324776612827301e+10
1.240381196854617799e-02 3.495443397014771271e+10
1.252738744452744010e-02 3.462439364346722412e+10
1.265219406608739279e-02 3.462663629359107208e+10
1.277824409876192856e-02 3.430578075515003204e+10
1.290554993028481152e-02 3.400001884572254562e+10
1.303412407180509769e-02 3.401335037027805328e+10
1.316397915911669131e-02 3.372188188894041443e+10
1.329512795390013283e-02 3.373900335343752289e+10
1.342758334497677966e-02 3.345000627395436096e+10
1.356135834957547179e-02 3.346254180936571503e+10
1.369646611461180878e-02 3.315532174331090164e+10
1.383291991798019094e-02 3.315227826488124847e+10
1.397073316985871297e-02 3.283395012942005920e+10
1.410991941402707332e-02 3.284935468733057022e+10
1.425049232919760323e-02 3.260060759586483002e+10
1.439246573035956114e-02 3.263942914438395309e+10
1.453585357013682279e-02 3.240137582368107605e+10
1.468066994015908809e-02 3.243486453628145599e+10
1.482692907244675777e-02 3.218747048787070847e+10
1.497464534080960100e-02 3.221751895466610336e+10
1.512383326225936672e-02 3.197299726831396866e+10
1.527450749843645671e-02 3.200488640742575455e+10
1.542668285705081806e-02 3.176169686929119492e+10
1.558037429333719755e-02 3.179319150186756134e+10
1.573559691152487047e-02 3.155178861917303085e+10
1.589236596632205567e-02 3.131261322949765396e+10
1.605069686441505661e-02 3.134391321033205032e+10
1.621060516598241130e-02 3.110748317248104477e+10
1.637210658622405973e-02 3.113813302884729385e+10
1.653521699690579591e-02 3.090303161368025970e+10
1.669995242791907225e-02 3.093357306555537796e+10
1.686632906885636787e-02 3.069874187118351364e+10
1.703436327060223535e-02 3.072812506040814972e+10
1.720407154694021667e-02 3.049595766276507568e+10
1.737547057617574303e-02 3.052593404656581116e+10
1.754857720277522987e-02 3.029171052801836395e+10
1.772340843902147148e-02 3.032030768778733826e+10
1.789998146668557097e-02 3.008877310577175140e+10
1.807831363871548191e-02 3.011665345369078445e+10
1.825842248094139419e-02 2.988426422028909683e+10
1.844032569379812359e-02 2.991165288664952469e+10
1.862404115406462654e-02 2.967991092772485352e+10
1.880958691662086915e-02 2.945175097253492737e+10
1.899698121622220293e-02 2.947707596391344833e+10
1.918624246929139660e-02 2.924846622888312149e+10
1.937738927572855638e-02 2.927372534852504730e+10
1.957044042073902146e-02 2.904560551926733017e+10
1.976541487667953650e-02 2.907091739029181671e+10
1.996233180492277062e-02 2.884620283319758987e+10
2.016121055774042908e-02 2.862403004568664551e+10
2.036207068020512434e-02 2.864966667617662430e+10
2.056493191211118676e-02 2.843011091467475891e+10
2.076981418991463366e-02 2.845486674801415253e+10
2.097673764869243535e-02 2.823766914747316360e+10
2.118572262412132465e-02 2.826268522426313019e+10
2.139678965447631975e-02 2.804794921455214310e+10
2.160995948264913397e-02 2.783332127554066849e+10
2.182525305818671518e-02 2.786106836480387878e+10
2.204269153935009898e-02 2.764868741026174927e+10
2.226229629519376613e-02 2.767568065111151886e+10
2.248408890766569537e-02 2.746593258909774399e+10
2.270809117372838207e-02 2.725929645121134567e+10
2.293432510750094064e-02 2.728643098532436371e+10
2.316281294242259620e-02 2.708163657652091217e+10
2.339357713343768325e-02 2.688025607148033524e+10
2.362664035920244640e-02 2.690731299898067474e+10
2.386202552431380616e-02 2.670565644027701950e+10
2.409975576156037080e-02 2.650801631050622559e+10
2.433985443419576719e-02 2.653567403829884720e+10
2.458234513823478670e-02 2.633999827930007935e+10
2.482725170477225601e-02 2.614646891690955353e+10
2.507459820232509073e-02 2.617531712465637207e+10
2.532440893919765332e-02 2.598373771251392365e+10
2.557670846587068239e-02 2.579511665305648041e+10
2.583152157741403637e-02 2.582368102188594055e+10
2.608887331592344566e-02 2.563812947261864471e+10
2.634878897298156830e-02 2.545288633862496948e+10
2.661129409214355035e-02 2.548339005538098907e+10
2.687641447144735116e-02 2.530432779353598785e+10
2.714417616594907989e-02 2.512806060117684174e+10
2.741460549028360005e-02 2.495275385008800888e+10
2.768772902125062052e-02 2.498490736603897476e+10
2.796357360042657156e-02 2.481236155247317123e+10
2.824216633680249819e-02 2.464375257613554001e+10
2.852353460944823463e-02 2.447688737963527679e+10
2.880770607020310958e-02 2.450933687105707169e+10
2.909470864639347384e-02 2.434638653774280167e+10
2.938457054357729650e-02 2.418377922824945831e+10
2.967732024831610041e-02 2.402497479233332443e+10
2.997298653097451790e-02 2.405869320215583801e+10
3.027159844854772699e-02 2.390256424964301682e+10
3.057318534751709074e-02 2.374918423761029434e+10
3.087777686673419397e-02 2.359569318255789185e+10
3.118540294033365565e-02 2.344541595963806915e+10
3.149609380067494580e-02 2.348205247195980072e+10
3.180987998131349498e-02 2.333427862733281326e+10
3.212679232000145019e-02 2.318756822234672546e+10
3.244686196171826797e-02 2.304455749199015427e+10
3.277012036173153342e-02 2.290243429039210892e+10
3.309659928868827899e-02 2.276283766621686935e+10
3.342633082773709130e-02 2.280131072984608078e+10
3.375934738368129018e-02 2.266483769043375015e+10
3.409568168416361039e-02 2.252817028295856094e+10
3.443536678288249692e-02 2.239603071321131516e+10
3.477843606284053424e-02 2.226363236248111343e+10
3.512492323962520396e-02 2.213446288785348511e+10
3.547486236472229687e-02 2.200738490615924835e+10
3.582828782886243041e-02 2.188408308954467010e+10
3.618523436540076188e-02 2.176179915366881943e+10
3.654573705373053566e-02 2.164173101636113739e+10
3.690983132273049916e-02 2.152413363460549927e+10
3.727755295424674264e-02 2.140761539322706985e+10
3.764893808660921271e-02 2.129340415577183151e+10
3.802402321818325326e-02 2.118072550119211960e+10
3.840284521095652104e-02 2.122541147466384506e+10
3.878544129416165026e-02 2.111465942570691681e+10
3.917184906793501342e-02 2.100646258161449051e+10
3.956210650701191128e-02 2.074908026861981583e+10
3.995625196445860144e-02 2.064517962321118164e+10
4.035432417544149164e-02 2.054277895240401840e+10
4.075636226103388632e-02 2.044272988316193390e+10
4.116240573206066122e-02 2.034415947933898544e+10
4.157249449298126148e-02 2.024587124815549469e+10
4.198666884581134240e-02 2.015097159902075958e+10
4.240496949408349009e-02 2.005632617688157272e+10
4.282743754684747300e-02 1.996385569775419998e+10
4.325411452271021862e-02 1.987307601405937576e+10
4.368504235391616058e-02 1.978290472896582031e+10
4.412026339046816459e-02 1.969558833403638840e+10
4.455982040428951851e-02 1.960803947618159103e+10
4.500375659342743112e-02 1.939023809510906982e+10
4.545211558629835141e-02 1.930606664654873276e+10
4.590494144597562221e-02 1.922567132047660828e+10
4.636227867451983564e-02 1.914579458981038284e+10
4.682417221735231394e-02 1.906600626514849854e+10
4.729066746767220802e-02 1.886280439293415070e+10
4.776181027091756792e-02 1.878979162937354660e+10
4.823764692927084291e-02 1.871795815063304138e+10
4.871822420620931099e-02 1.864711221238556671e+10
4.920358933110081240e-02 1.845628681321958160e+10
4.969379000384528677e-02 1.838935392023176193e+10
5.018887439956253721e-02 1.832289278026266479e+10
5.068889117332669308e-02 1.825740536402618408e+10
5.119388946494787818e-02 1.807741185453838730e+10
5.170391890380147265e-02 1.801665418824152756e+10
5.221902961370548935e-02 1.795514159855479050e+10
5.273927221784661251e-02 1.778496985579219055e+10
5.326469784375519739e-02 1.772686274342750549e+10
5.379535812832992453e-02 1.767186742929516602e+10
5.433130522291249043e-02 1.750647004861383057e+10
5.487259179841284112e-02 1.745414673784161758e+10
5.541927105048547603e-02 1.729593379498229599e+10
5.597139670475730078e-02 1.724431719631110382e+10
5.652902302210763980e-02 1.719684846049541473e+10
5.709220480400072767e-02 1.704598601804768372e+10
5.766099739787144962e-02 1.699814861946399117e+10
5.823545670256465023e-02 1.685231118813953781e+10
5.881563917382869044e-02 1.680814549816925621e+10
5.940160182986368997e-02 1.666678388317253304e+10
5.999340225692507966e-02 1.662607000972799873e+10
6.059109861498296334e-02 1.648819655281846809e+10
6.119474964343786516e-02 1.635466576219011116e+10
6.180441466689341745e-02 1.631756381003649330e+10
6.242015360098657900e-02 1.618767865229462242e+10
6.304202695827590408e-02 1.615221894954418945e+10
6.367009585418852147e-02 1.602881661514633751e+10
6.430442201302630223e-02 1.590657184852435493e+10
6.494506777403190323e-02 1.587728087784337997e+10
6.559209609751526227e-02 1.576003325716212654e+10
6.624557057104109303e-02 1.564493860654079247e+10
6.690555541567802522e-02 1.561897184030406952e+10
6.757211549231002812e-02 1.550863310183692360e+10
6.824531630801070059e-02 1.540060510849498367e+10
6.892522402248105196e-02 1.529508502274467087e+10
6.961190545455143985e-02 1.519179294654523277e+10
7.030542808874831739e-02 1.517204339757710457e+10
7.100586008192627530e-02 1.507186424606085205e+10
7.171327026996635046e-02 1.497496426788226318e+10
7.242772817454087853e-02 1.487855436268797493e+10
7.314930400994588966e-02 1.478626562504330254e+10
7.387806869000146381e-02 1.469438032350918579e+10
7.461409383502091985e-02 1.460586697542422104e+10
7.535745177884936585e-02 1.451862905008710861e+10
7.610821557597244325e-02 1.443317106494972038e+10
7.686645900869577830e-02 1.442133947252498817e+10
7.763225659439612625e-02 1.426865172733143234e+10
7.840568359284459665e-02 1.418828040949253654e+10
7.918681601360295919e-02 1.411075410540108299e+10
7.997573062349352946e-02 1.403482176234751511e+10
8.077250495414357856e-02 1.396120071056373787e+10
8.157721730960482143e-02 1.388687980655989838e+10
8.238994677404887224e-02 1.381653272824450111e+10
8.321077321953933292e-02 1.374765869461727715e+10
8.403977731388136141e-02 1.367942192263562775e+10
8.487704052854938563e-02 1.355085575348543739e+10
8.572264514669369895e-02 1.348659054415367699e+10
8.657667427122718584e-02 1.342612028160714149e+10
8.743921183299220579e-02 1.336425101023331833e+10
8.831034259900903682e-02 1.324530223781422997e+10
8.919015218080648955e-02 1.318793223834060287e+10
9.007872704283546861e-02 1.313159110051481438e+10
9.097615451096641159e-02 1.301853814533499336e+10
9.188252278107129911e-02 1.296472226869500923e+10
9.279792092769129086e-02 1.285587023778606224e+10
9.372243891279058436e-02 1.280416576293467331e+10
9.465616759459762053e-02 1.269907649276702499e+10
9.559919873653417721e-02 1.265086985148143196e+10
9.655162501623366922e-02 1.254806903059048462e+10
9.751354003464908493e-02 1.250175884769128609e+10
9.848503832525175306e-02 1.240358144570177650e+10
9.946621536332178604e-02 1.235807091914994240e+10
1.004571675753310050e-01 1.226104442809477234e+10
1.014579923484193597e-01 1.216768917449655342e+10
1.024687880399658413e-01 1.207593785757337379e+10
1.034896539872546262e-01 1.203494840401236343e+10
1.045206905172375994e-01 1.194605248364613533e+10
1.055619989563941208e-01 1.186032352840754509e+10
1.066136816406890175e-01 1.177630570703966713e+10
1.076758419256298033e-01 1.169422182719639969e+10
1.087485841964240252e-01 1.166042420511718369e+10
1.098320138782379191e-01 1.158297688017915154e+10
1.109262374465571910e-01 1.150629389100500488e+10
1.120313624376509942e-01 1.143344761898492050e+10
1.131474974591402394e-01 1.136294381746233368e+10
1.142747522006711813e-01 1.129558334301958275e+10
1.154132374446952269e-01 1.122868052419821358e+10
1.165630650773563093e-01 1.112293713048285675e+10
1.177243480994865921e-01 1.105807544478935432e+10
1.188972006377118223e-01 1.099839352080132294e+10
1.200817379556672199e-01 1.093864378569144249e+10
1.212780764653252352e-01 1.088003915785646439e+10
1.224863337384360096e-01 1.078419972151857185e+10
1.237066285180819653e-01 1.072667163245773315e+10
1.249390807303474016e-01 1.067271597530626297e+10
1.261838114961043589e-01 1.058160966471878242e+10
1.274409431429160411e-01 1.052978880253190422e+10
1.287105992170586022e-01 1.044124213435704613e+10
1.299929044956628643e-01 1.039147204553396988e+10
1.312879849989769809e-01 1.030637249691012192e+10
1.325959680027511689e-01 1.025854582026297951e+10
1.339169820507460085e-01 1.017552956913591576e+10
1.352511569673651992e-01 1.009479401531755257e+10
1.365986238704141598e-01 1.001418288075757599e+10
1.379595151839858869e-01 9.969115484153661728e+09
1.393339646514751562e-01 9.892460821395179749e+09
1.407221073487221474e-01 9.815857920755525589e+09
1.421240796972874088e-01 9.739324605857866287e+09
1.435400194778587157e-01 9.663679280396593094e+09
1.449700658437917400e-01 9.590094360632173538e+09
1.464143593347854988e-01 9.517321331226974487e+09
1.478730418906940014e-01 9.444552281447500229e+09
1.493462568654757849e-01 9.374042842730424881e+09
1.508341490412819508e-01 9.302715143956851959e+09
1.523368646426850881e-01 9.233981518891902924e+09
1.538545513510493901e-01 9.135251499099267960e+09
1.553873583190445717e-01 9.067023448599292755e+09
1.569354361853037283e-01 8.998665593902643204e+09
1.584989370892277705e-01 8.901034147463256836e+09
1.600780146859370201e-01 8.834216056562990189e+09
1.616728241613719086e-01 8.739244993981624603e+09
1.632835222475440551e-01 8.672682127915454865e+09
1.649102672379393064e-01 8.576664176533050537e+09
1.665532190030742932e-01 8.482779722777831078e+09
1.682125390062078618e-01 8.416622435774513245e+09
1.698883903192091316e-01 8.321554722459192276e+09
1.715809376385835083e-01 8.228389742859292984e+09
1.732903473016585705e-01 8.134847232055571556e+09
1.750167873029310761e-01 8.040355244465396881e+09
1.767604273105767287e-01 7.947054068511555672e+09
1.785214386831246447e-01 7.852223043330273628e+09
1.802999944862978265e-01 7.758507852497540474e+09
1.820962695100213913e-01 7.662723647068789482e+09
1.839104402856003573e-01 7.568439304111321449e+09
1.857426851030683779e-01 7.472114464061921120e+09
1.875931840287095032e-01 7.348001362733502388e+09
1.894621189227544411e-01 7.248658241607243538e+09
1.913496734572530944e-01 7.149654092110274315e+09
1.932560331341251214e-01 7.022012497279320717e+09
1.951813853033904644e-01 6.920899553247123718e+09
1.971259191815814271e-01 6.791445911214542389e+09
1.990898258703381052e-01 6.687729674151317596e+09
2.010732983751891412e-01 6.555295818809928894e+09
2.030765316245197183e-01 6.448731064536855698e+09
2.050997224887282921e-01 6.313340024214265823e+09
2.071430697995743919e-01 6.175820849370641708e+09
2.092067743697189064e-01 6.064714903864331245e+09
2.112910390124594362e-01 5.924356279636567116e+09
2.133960685616618225e-01 5.783572878920015335e+09
2.155220698918906552e-01 5.640879211489421844e+09
2.176692519387399827e-01 5.497696441175705910e+09
2.198378257193668583e-01 5.352876752552418709e+09
2.220280043532292524e-01 5.205822596250044823e+09
2.242400030830306867e-01 5.057647650350625038e+09
2.264740392958734805e-01 4.908326275581610680e+09
2.287303325446227720e-01 4.757661117016120911e+09
2.310091045694833700e-01 4.605387210754882812e+09
2.333105793197915168e-01 4.451894561863700867e+09
2.356349829760238657e-01 4.297036541114173889e+09
2.379825439720256175e-01 4.140692881731070995e+09
2.403534930174602013e-01 3.983147216740176678e+09
2.427480631204825545e-01 3.824363120478240490e+09
2.451664896106383051e-01 3.664572973748837948e+09
2.476090101619911055e-01 3.503472710629136086e+09
2.500758648164803088e-01 3.341815772037304878e+09
2.525672960075115436e-01 3.178708969978900433e+09
2.550835485837819605e-01 2.987089089584702969e+09
2.576248698333433729e-01 2.821432865012585163e+09
2.601915095079044282e-01 2.654078957361405849e+09
2.627837198473756408e-01 2.485022756631813049e+09
2.654017556046583959e-01 2.313718753797074318e+09
2.680458740706812559e-01 2.140511081885333061e+09
2.707163350996854012e-01 1.962943703566584587e+09
2.734134011347623128e-01 1.780880932678969383e+09
2.761373372336456411e-01 1.592940460378479719e+09
2.788884110947600914e-01 1.396573604105549097e+09
2.816668930835299345e-01 1.187440735820093393e+09
2.844730562589493084e-01 9.571914589966026545e+08
2.873071764004176964e-01 6.861057300168946981e+08
2.901695320348425255e-01 4.726194252894285321e+08
2.930604044640114370e-01 0.000000000000000000e+00
2.959800777922380055e-01 0.000000000000000000e+00
2.989288389542820723e-01 0.000000000000000000e+00
3.019069777435490765e-01 0.000000000000000000e+00
3.049147868405694406e-01 0.000000000000000000e+00
3.079525618417624511e-01 0.000000000000000000e+00
3.110206012884862981e-01 0.000000000000000000e+00
3.141192066963774954e-01 0.000000000000000000e+00
3.172486825849829550e-01 0.000000000000000000e+00
3.204093365076868816e-01 0.000000000000000000e+00
3.236014790819360942e-01 0.000000000000000000e+00
3.268254240197661642e-01 0.000000000000000000e+00
3.300814881586321969e-01 0.000000000000000000e+00
3.333699914925461472e-01 0.000000000000000000e+00
3.366912572035249407e-01 0.000000000000000000e+00
3.400456116933512907e-01 0.000000000000000000e+00
3.434333846156515935e-01 0.000000000000000000e+00
3.468549089082928472e-01 0.000000000000000000e+00
3.503105208261026449e-01 0.000000000000000000e+00
3.538005599739149631e-01 0.000000000000000000e+00
3.573253693399455200e-01 0.000000000000000000e+00
3.608852953294991450e-01 0.000000000000000000e+00
3.644806877990133809e-01 0.000000000000000000e+00
3.681119000904408689e-01 0.000000000000000000e+00
3.717792890659749050e-01 0.000000000000000000e+00
3.754832151431199971e-01 0.000000000000000000e+00
3.792240423301129204e-01 0.000000000000000000e+00
3.830021382616957126e-01 0.000000000000000000e+00
3.868178742352455513e-01 0.000000000000000000e+00
3.906716252472647311e-01 0.000000000000000000e+00
3.945637700302336293e-01 0.000000000000000000e+00
3.984946910898312655e-01 0.000000000000000000e+00
4.024647747425265654e-01 0.000000000000000000e+00
4.064744111535442128e-01 0.000000000000000000e+00
4.105239943752084231e-01 0.000000000000000000e+00
4.146139223856691314e-01 0.000000000000000000e+00
4.187445971280138735e-01 0.000000000000000000e+00
4.229164245497690766e-01 0.000000000000000000e+00
4.271298146427952025e-01 0.000000000000000000e+00
4.313851814835792386e-01 0.000000000000000000e+00
4.356829432739286467e-01 0.000000000000000000e+00
4.400235223820705976e-01 0.000000000000000000e+00
4.444073453841608790e-01 0.000000000000000000e+00
4.488348431062061938e-01 0.000000000000000000e+00
4.533064506664041260e-01 0.000000000000000000e+00
4.578226075179049337e-01 0.000000000000000000e+00
4.623837574919994475e-01 0.000000000000000000e+00
4.669903488417371795e-01 0.000000000000000000e+00
4.716428342859789735e-01 0.000000000000000000e+00
4.763416710538884713e-01 0.000000000000000000e+00
4.810873209298671682e-01 0.000000000000000000e+00
4.858802502989365002e-01 0.000000000000000000e+00
4.907209301925726797e-01 0.000000000000000000e+00
4.956098363349980551e-01 0.000000000000000000e+00
5.005474491899332135e-01 0.000000000000000000e+00
5.055342540078155977e-01 0.000000000000000000e+00
5.105707408734876385e-01 0.000000000000000000e+00
5.156574047543608375e-01 0.000000000000000000e+00
5.207947455490593569e-01 0.000000000000000000e+00
5.259832681365480544e-01 0.000000000000000000e+00
5.312234824257503485e-01 0.000000000000000000e+00
5.365159034056597998e-01 0.000000000000000000e+00
5.418610511959517373e-01 0.000000000000000000e+00
5.472594510980984817e-01 0.000000000000000000e+00
5.527116336469942715e-01 0.000000000000000000e+00
5.582181346630938901e-01 0.000000000000000000e+00
5.637794953050715430e-01 0.000000000000000000e+00
5.693962621230036492e-01 0.000000000000000000e+00
5.750689871120826524e-01 0.000000000000000000e+00
5.807982277668622961e-01 0.000000000000000000e+00
5.865845471360502383e-01 0.000000000000000000e+00
5.924285138778393467e-01 0.000000000000000000e+00
5.983307023157947713e-01 0.000000000000000000e+00
6.042916924952954627e-01 0.000000000000000000e+00
6.103120702405395726e-01 0.000000000000000000e+00
6.163924272121169556e-01 0.000000000000000000e+00
6.225333609651549915e-01 0.000000000000000000e+00
6.287354750080447197e-01 0.000000000000000000e+00
6.349993788617509516e-01 0.000000000000000000e+00
6.413256881197140213e-01 0.000000000000000000e+00
6.477150245083478364e-01 0.000000000000000000e+00
6.541680159481411128e-01 0.000000000000000000e+00
6.606852966153667905e-01 0.000000000000000000e+00
6.672675070044069567e-01 0.000000000000000000e+00
6.739152939906978279e-01 0.000000000000000000e+00
6.806293108943024528e-01 0.000000000000000000e+00
6.874102175441167972e-01 0.000000000000000000e+00
6.942586803427150954e-01 0.000000000000000000e+00
7.011753723318414622e-01 0.000000000000000000e+00
7.081609732585542050e-01 0.000000000000000000e+00
7.152161696420282766e-01 0.000000000000000000e+00
7.223416548410245275e-01 0.000000000000000000e+00
7.295381291220300879e-01 0.000000000000000000e+00
7.368062997280780957e-01 0.000000000000000000e+00
7.441468809482529867e-01 0.000000000000000000e+00
7.515605941878877871e-01 0.000000000000000000e+00
7.590481680394618458e-01 0.000000000000000000e+00
7.666103383542038907e-01 0.000000000000000000e+00
7.742478483144085155e-01 0.000000000000000000e+00
7.819614485064738663e-01 0.000000000000000000e+00
7.897518969946664136e-01 0.000000000000000000e+00
7.976199593956203593e-01 0.000000000000000000e+00
8.055664089535800043e-01 0.000000000000000000e+00
8.135920266163912951e-01 0.000000000000000000e+00
8.216976011122504309e-01 0.000000000000000000e+00
8.298839290272170821e-01 0.000000000000000000e+00
8.381518148835002124e-01 0.000000000000000000e+00
8.465020712185231666e-01 0.000000000000000000e+00
8.549355186647774607e-01 0.000000000000000000e+00
8.634529860304706039e-01 0.000000000000000000e+00
8.720553103809793871e-01 0.000000000000000000e+00
8.807433371211128570e-01 0.000000000000000000e+00
8.895179200781957451e-01 0.000000000000000000e+00
8.983799215859797904e-01 0.000000000000000000e+00
9.073302125693900599e-01 0.000000000000000000e+00
9.163696726301172601e-01 0.000000000000000000e+00
9.254991901330604787e-01 0.000000000000000000e+00
9.347196622936337906e-01 0.000000000000000000e+00
9.440319952659400604e-01 0.000000000000000000e+00
9.534371042318253719e-01 0.000000000000000000e+00
9.629359134908190843e-01 0.000000000000000000e+00
9.725293565509710580e-01 0.000000000000000000e+00
9.822183762205930480e-01 0.000000000000000000e+00
9.920039247009145855e-01 0.000000000000000000e+00
1.001886963679662124e+00 0.000000000000000000e+00
1.011868464425569103e+00 0.000000000000000000e+00
1.021949407883830485e+00 0.000000000000000000e+00
1.032130784772504306e+00 0.000000000000000000e+00
1.042413595679877680e+00 0.000000000000000000e+00
1.052798851162799920e+00 0.000000000000000000e+00
1.063287571845996204e+00 0.000000000000000000e+00
1.073880788522371788e+00 0.000000000000000000e+00
1.084579542254313411e+00 0.000000000000000000e+00
1.095384884476001686e+00 0.000000000000000000e+00
1.106297877096742655e+00 0.000000000000000000e+00
1.117319592605326983e+00 0.000000000000000000e+00
1.128451114175431425e+00 0.000000000000000000e+00
1.139693535772069000e+00 0.000000000000000000e+00
1.151047962259099000e+00 0.000000000000000000e+00
1.162515509507809908e+00 0.000000000000000000e+00
1.174097304506582784e+00 0.000000000000000000e+00
1.185794485471647342e+00 0.000000000000000000e+00
1.197608201958941798e+00 0.000000000000000000e+00
1.209539614977087174e+00 0.000000000000000000e+00
1.221589897101486688e+00 0.000000000000000000e+00
1.233760232589562467e+00 0.000000000000000000e+00
1.246051817497139780e+00 0.000000000000000000e+00
1.258465859795990571e+00 0.000000000000000000e+00
1.271003579492549829e+00 0.000000000000000000e+00
1.283666208747811455e+00 0.000000000000000000e+00
1.296454991998422734e+00 0.000000000000000000e+00
1.309371186078980509e+00 0.000000000000000000e+00
1.322416060345550370e+00 0.000000000000000000e+00
1.335590896800413097e+00 0.000000000000000000e+00
1.348896990218056091e+00 0.000000000000000000e+00
1.362335648272417377e+00 0.000000000000000000e+00
1.375908191665401237e+00 0.000000000000000000e+00
1.389615954256669950e+00 0.000000000000000000e+00
1.403460283194732039e+00 0.000000000000000000e+00
1.417442539049333927e+00 0.000000000000000000e+00
1.431564095945172532e+00 0.000000000000000000e+00
1.445826341696939243e+00 0.000000000000000000e+00
1.460230677945708377e+00 0.000000000000000000e+00
1.474778520296686102e+00 0.000000000000000000e+00
1.489471298458330928e+00 0.000000000000000000e+00
1.504310456382859762e+00 0.000000000000000000e+00
1.519297452408154170e+00 0.000000000000000000e+00
1.534433759401081065e+00 0.000000000000000000e+00
1.549720864902240258e+00 0.000000000000000000e+00
1.565160271272154180e+00 0.000000000000000000e+00
1.580753495838915113e+00 0.000000000000000000e+00
1.596502071047301907e+00 0.000000000000000000e+00
1.612407544609383292e+00 0.000000000000000000e+00
1.628471479656621534e+00 0.000000000000000000e+00
1.644695454893490894e+00 0.000000000000000000e+00
1.661081064752627068e+00 0.000000000000000000e+00
1.677629919551522075e+00 0.000000000000000000e+00
1.694343645650780550e+00 0.000000000000000000e+00
1.711223885613952334e+00 0.000000000000000000e+00
1.728272298368957571e+00 0.000000000000000000e+00
1.745490559371119854e+00 0.000000000000000000e+00
1.762880360767824506e+00 0.000000000000000000e+00
1.780443411564815559e+00 0.000000000000000000e+00
1.798181437794151627e+00 0.000000000000000000e+00
1.816096182683832883e+00 0.000000000000000000e+00
1.834189406829120683e+00 0.000000000000000000e+00
1.852462888365560278e+00 0.000000000000000000e+00
1.870918423143731246e+00 0.000000000000000000e+00
1.889557824905736094e+00 0.000000000000000000e+00
1.908382925463449009e+00 0.000000000000000000e+00
1.927395574878538520e+00 0.000000000000000000e+00
1.946597641644285392e+00 0.000000000000000000e+00
1.965991012869211074e+00 0.000000000000000000e+00
1.985577594462536455e+00 0.000000000000000000e+00
2.005359311321486704e+00 0.000000000000000000e+00
2.025338107520462838e+00 0.000000000000000000e+00
2.045515946502100224e+00 0.000000000000000000e+00
2.065894811270225784e+00 0.000000000000000000e+00
2.086476704584741881e+00 0.000000000000000000e+00
2.107263649158450658e+00 0.000000000000000000e+00
2.128257687855837244e+00 0.000000000000000000e+00
2.149460883893836716e+00 0.000000000000000000e+00
2.170875321044597239e+00 0.000000000000000000e+00
2.192503103840268253e+00 0.000000000000000000e+00
2.214346357779823915e+00 0.000000000000000000e+00
2.236407229537950681e+00 0.000000000000000000e+00
2.258687887176013653e+00 0.000000000000000000e+00
2.281190520355127038e+00 0.000000000000000000e+00
2.303917340551343340e+00 0.000000000000000000e+00
2.326870581272992844e+00 0.000000000000000000e+00
2.350052498280180924e+00 0.000000000000000000e+00
2.373465369806478709e+00 0.000000000000000000e+00
2.397111496782817763e+00 0.000000000000000000e+00
2.420993203063617649e+00 0.000000000000000000e+00
2.445112835655166350e+00 0.000000000000000000e+00
2.469472764946273990e+00 0.000000000000000000e+00
2.494075384941227824e+00 0.000000000000000000e+00
2.518923113495064037e+00 0.000000000000000000e+00
2.544018392551187890e+00 0.000000000000000000e+00
2.569363688381356869e+00 0.000000000000000000e+00
2.594961491828059241e+00 0.000000000000000000e+00
2.620814318549301802e+00 0.000000000000000000e+00
2.646924709265841891e+00 0.000000000000000000e+00
2.673295230010879209e+00 0.000000000000000000e+00
2.699928472382236322e+00 0.000000000000000000e+00
2.726827053797051370e+00 0.000000000000000000e+00
2.753993617749007861e+00 0.000000000000000000e+00
2.781430834068127744e+00 0.000000000000000000e+00
2.809141399183152643e+00 0.000000000000000000e+00
2.837128036386539431e+00 0.000000000000000000e+00
2.865393496102093263e+00 0.000000000000000000e+00
2.893940556155272237e+00 0.000000000000000000e+00
2.922772022046179696e+00 0.000000000000000000e+00
2.951890727225278344e+00 0.000000000000000000e+00
2.981299533371852828e+00 0.000000000000000000e+00
3.011001330675244336e+00 0.000000000000000000e+00
3.040999038118887388e+00 0.000000000000000000e+00
3.071295603767177251e+00 0.000000000000000000e+00
3.101894005055194192e+00 0.000000000000000000e+00
3.132797249081316515e+00 0.000000000000000000e+00
3.164008372902745059e+00 0.000000000000000000e+00
3.195530443833975554e+00 0.000000000000000000e+00
3.227366559748241492e+00 0.000000000000000000e+00
3.259519849381963486e+00 0.000000000000000000e+00
3.291993472642229523e+00 0.000000000000000000e+00
3.324790620917338124e+00 0.000000000000000000e+00
3.357914517390435893e+00 0.000000000000000000e+00
3.391368417356282361e+00 0.000000000000000000e+00
3.425155608541166075e+00 0.000000000000000000e+00
3.459279411426011919e+00 0.000000000000000000e+00
3.493743179572704971e+00 0.000000000000000000e+00
3.528550299953665093e+00 0.000000000000000000e+00
3.563704193284709110e+00 0.000000000000000000e+00
3.599208314361223238e+00 0.000000000000000000e+00
3.635066152397688821e+00 0.000000000000000000e+00
3.671281231370590259e+00 0.000000000000000000e+00
3.707857110364737085e+00 0.000000000000000000e+00
3.744797383923038403e+00 0.000000000000000000e+00
3.782105682399761637e+00 0.000000000000000000e+00
3.819785672317309810e+00 0.000000000000000000e+00
3.857841056726554640e+00 0.000000000000000000e+00
3.896275575570757876e+00 0.000000000000000000e+00
3.935093006053119069e+00 0.000000000000000000e+00
3.974297163007986633e+00 0.000000000000000000e+00
4.013891899275764175e+00 0.000000000000000000e+00
4.053881106081554719e+00 0.000000000000000000e+00
4.094268713417575256e+00 0.000000000000000000e+00
4.135058690429381123e+00 0.000000000000000000e+00
4.176255045805942423e+00 0.000000000000000000e+00
4.217861828173597338e+00 0.000000000000000000e+00
4.259883126493941852e+00 0.000000000000000000e+00
4.302323070465677191e+00 0.000000000000000000e+00
4.345185830930456738e+00 0.000000000000000000e+00
4.388475620282785705e+00 0.000000000000000000e+00
4.432196692883999312e+00 0.000000000000000000e+00
4.476353345480363899e+00 0.000000000000000000e+00
4.520949917625344483e+00 0.000000000000000000e+00
4.565990792106085827e+00 0.000000000000000000e+00
4.611480395374128349e+00 0.000000000000000000e+00
4.657423197980431695e+00 0.000000000000000000e+00
4.703823715014716633e+00 0.000000000000000000e+00
4.750686506549198995e+00 0.000000000000000000e+00
4.798016178086728978e+00 0.000000000000000000e+00
4.845817381013409531e+00 0.000000000000000000e+00
4.894094813055713367e+00 0.000000000000000000e+00
4.942853218742160770e+00 0.000000000000000000e+00
4.992097389869591950e+00 0.000000000000000000e+00
5.041832165974091673e+00 0.000000000000000000e+00
5.092062434806593707e+00 0.000000000000000000e+00
5.142793132813238799e+00 0.000000000000000000e+00
5.194029245620505719e+00 0.000000000000000000e+00
5.245775808525181994e+00 0.000000000000000000e+00
5.298037906989213397e+00 0.000000000000000000e+00
5.350820677139484616e+00 0.000000000000000000e+00
5.404129306272580813e+00 0.000000000000000000e+00
5.457969033364573619e+00 0.000000000000000000e+00
5.512345149585890169e+00 0.000000000000000000e+00
5.567262998821306930e+00 0.000000000000000000e+00
5.622727978195131371e+00 0.000000000000000000e+00
5.678745538601607912e+00 0.000000000000000000e+00
5.735321185240615627e+00 0.000000000000000000e+00
5.792460478158694137e+00 0.000000000000000000e+00
5.850169032795466961e+00 0.000000000000000000e+00
5.908452520535508512e+00 0.000000000000000000e+00
5.967316669265702700e+00 0.000000000000000000e+00
6.026767263938160646e+00 0.000000000000000000e+00
6.086810147138746352e+00 0.000000000000000000e+00
6.147451219661260957e+00 0.000000000000000000e+00
6.208696441087353968e+00 0.000000000000000000e+00
6.270551830372206759e+00 0.000000000000000000e+00
6.333023466436054072e+00 0.000000000000000000e+00
6.396117488761601244e+00 0.000000000000000000e+00
6.459840097997383346e+00 0.000000000000000000e+00
6.524197556567148837e+00 0.000000000000000000e+00
6.589196189285302374e+00 0.000000000000000000e+00
6.654842383978487597e+00 0.000000000000000000e+00
6.721142592113358738e+00 0.000000000000000000e+00
6.788103329430605903e+00 0.000000000000000000e+00
6.855731176585297071e+00 0.000000000000000000e+00
6.924032779793605208e+00 0.000000000000000000e+00
6.993014851485969352e+00 0.000000000000000000e+00
7.062684170966768704e+00 0.000000000000000000e+00
7.133047585080571018e+00 0.000000000000000000e+00
7.204112008885015683e+00 0.000000000000000000e+00
7.275884426330379462e+00 0.000000000000000000e+00
7.348371890945969653e+00 0.000000000000000000e+00
7.421581526533294948e+00 0.000000000000000000e+00
7.495520527866172067e+00 0.000000000000000000e+00
7.570196161397800161e+00 0.000000000000000000e+00
7.645615765974884681e+00 0.000000000000000000e+00
7.721786753558867566e+00 0.000000000000000000e+00
7.798716609954350787e+00 0.000000000000000000e+00
7.876412895544774528e+00 0.000000000000000000e+00
7.954883246035421074e+00 0.000000000000000000e+00
8.034135373203826092e+00 0.000000000000000000e+00
8.114177065657658616e+00 0.000000000000000000e+00
8.195016189600167422e+00 0.000000000000000000e+00
8.276660689603232868e+00 0.000000000000000000e+00
8.359118589388133458e+00 0.000000000000000000e+00
8.442397992614084856e+00 0.000000000000000000e+00
8.526507083674646381e+00 0.000000000000000000e+00
8.611454128502044725e+00 0.000000000000000000e+00
8.697247475379517923e+00 0.000000000000000000e+00
8.783895555761763063e+00 0.000000000000000000e+00
8.871406885103542805e+00 0.000000000000000000e+00
8.959790063696551954e+00 0.000000000000000000e+00
9.049053777514624031e+00 0.000000000000000000e+00
9.139206799067357778e+00 0.000000000000000000e+00
9.230257988262247082e+00 0.000000000000000000e+00
9.322216293275399579e+00 0.000000000000000000e+00
9.415090751430927440e+00 0.000000000000000000e+00
9.508890490089108027e+00 0.000000000000000000e+00
9.603624727543385475e+00 0.000000000000000000e+00
9.699302773926307353e+00 0.000000000000000000e+00
9.795934032124490543e+00 0.000000000000000000e+00
9.893527998702712267e+00 0.000000000000000000e+00
9.992094264837179551e+00 0.000000000000000000e+00
1.009164251725813521e+01 0.000000000000000000e+00
1.019218253920180395e+01 0.000000000000000000e+00
1.029372421137192184e+01 0.000000000000000000e+00
1.039627751291064861e+01 0.000000000000000000e+00
1.049985252237944700e+01 0.000000000000000000e+00
1.060445941874938924e+01 0.000000000000000000e+00
1.071010848240168656e+01 0.000000000000000000e+00
1.081681009613783395e+01 0.000000000000000000e+00
1.092457474620016100e+01 0.000000000000000000e+00
1.103341302330221652e+01 0.000000000000000000e+00
1.114333562366975272e+01 0.000000000000000000e+00
1.125435335009173698e+01 0.000000000000000000e+00
1.136647711298219043e+01 0.000000000000000000e+00
1.147971793145223884e+01 0.000000000000000000e+00
1.159408693439321603e+01 0.000000000000000000e+00
1.170959536157018377e+01 0.000000000000000000e+00
1.182625456472672454e+01 0.000000000000000000e+00
1.194407600870035679e+01 0.000000000000000000e+00
1.206307127254944689e+01 0.000000000000000000e+00
1.218325205069097095e+01 0.000000000000000000e+00
1.230463015404998650e+01 0.000000000000000000e+00
1.242721751122016904e+01 0.000000000000000000e+00
1.255102616963631768e+01 0.000000000000000000e+00
1.267606829675812286e+01 0.000000000000000000e+00
1.280235618126614838e+01 0.000000000000000000e+00
1.292990223426930996e+01 0.000000000000000000e+00
1.305871899052480423e+01 0.000000000000000000e+00
1.318881910966975823e+01 0.000000000000000000e+00
1.332021537746560114e+01 0.000000000000000000e+00
1.345292070705437304e+01 0.000000000000000000e+00
1.358694814022800124e+01 0.000000000000000000e+00
1.372231084870978890e+01 0.000000000000000000e+00
1.385902213544909323e+01 0.000000000000000000e+00
1.399709543592847183e+01 0.000000000000000000e+00
1.413654431948429924e+01 0.000000000000000000e+00
1.427738249064008613e+01 0.000000000000000000e+00
1.441962379045352982e+01 0.000000000000000000e+00
1.456328219787654277e+01 0.000000000000000000e+00
1.470837183112927526e+01 0.000000000000000000e+00
1.485490694908737375e+01 0.000000000000000000e+00
1.500290195268352811e+01 0.000000000000000000e+00
1.515237138632249803e+01 0.000000000000000000e+00
1.530332993931073027e+01 0.000000000000000000e+00
1.545579244729972324e+01 0.000000000000000000e+00
1.560977389374426494e+01 0.000000000000000000e+00
1.576528941137470596e+01 0.000000000000000000e+00
1.592235428368440076e+01 0.000000000000000000e+00
1.608098394643145568e+01 0.000000000000000000e+00
1.624119398915596335e+01 0.000000000000000000e+00
1.640300015671180489e+01 0.000000000000000000e+00
1.656641835081428837e+01 0.000000000000000000e+00
1.673146463160262343e+01 0.000000000000000000e+00
1.689815521921852692e+01 0.000000000000000000e+00
1.706650649540001297e+01 0.000000000000000000e+00
1.723653500509159997e+01 0.000000000000000000e+00
1.740825745807000757e+01 0.000000000000000000e+00
1.758169073058661169e+01 0.000000000000000000e+00
1.775685186702570206e+01 0.000000000000000000e+00
1.793375808157982831e+01 0.000000000000000000e+00
1.811242675994125761e+01 0.000000000000000000e+00
1.829287546101085837e+01 0.000000000000000000e+00
1.847512191862344366e+01 0.000000000000000000e+00
1.865918404329087821e+01 0.000000000000000000e+00
1.884507992396195775e+01 0.000000000000000000e+00
1.903282782980043564e+01 0.000000000000000000e+00
1.922244621198012027e+01 0.000000000000000000e+00
1.941395370549852828e+01 0.000000000000000000e+00
1.960736913100792478e+01 0.000000000000000000e+00
1.980271149666528174e+01 0.000000000000000000e+00
2.000000000000000355e+01 0.000000000000000000e+00
