# Saclay seismic solar model 
#  Longitudinal plasmon->axion flux for g_ag = 1e-10 GeV^{-1} 
#  B = 10^5 G 
#  omega [keV] 	 Flux [keV^{-1} s^{-1} cm^{-2}] 
1.000000000000000021e-03 4.663808376994389982e+04
1.009962701490044103e-03 4.746413000533038576e+04
1.020024658401067841e-03 4.830172423633976723e+04
1.030186859585202055e-03 4.950868108465123078e+04
1.040450303746215301e-03 5.033283902372420562e+04
1.050815999537664525e-03 5.120301542326051276e+04
1.061284965662020628e-03 5.252363433758010797e+04
1.071858230970783050e-03 5.342567561767900770e+04
1.082536834565591809e-03 5.485004851610759943e+04
1.093321825900345906e-03 5.585633117289625807e+04
1.104214264884341087e-03 5.686272373043158586e+04
1.115215221986432187e-03 5.841598917973464268e+04
1.126325778340236299e-03 5.948524550519353943e+04
1.137547025850381768e-03 6.056479175076253887e+04
1.148880067299816454e-03 6.224085176728993247e+04
1.160326016458186312e-03 6.339296943989781721e+04
1.171885998191291240e-03 6.458317225984319521e+04
1.183561148571633586e-03 6.637319181989405479e+04
1.195352614990066471e-03 6.762064197496116685e+04
1.207261556268556012e-03 6.957976841949675872e+04
1.219289142774065710e-03 7.088643840966315474e+04
1.231436556533575550e-03 7.221573869965378253e+04
1.243704991350247325e-03 7.434492010603945528e+04
1.256095652920747674e-03 7.577561655000445899e+04
1.268609758953739234e-03 7.797007935136684682e+04
1.281248539289552056e-03 7.945514112260148977e+04
1.294013236021048950e-03 8.100280052801017882e+04
1.306905103615692764e-03 8.331492910451290663e+04
1.319925409038831023e-03 8.491987127792395768e+04
1.333075431878209165e-03 8.737021215186404879e+04
1.346356464469723475e-03 8.904289027798651659e+04
1.359769812024426471e-03 9.076130407924244355e+04
1.373316792756799302e-03 9.343063293433883518e+04
1.386998738014300027e-03 9.526567977184407937e+04
1.400816992408204266e-03 9.800658199691517802e+04
1.414772913945748630e-03 9.989428841710228880e+04
1.428867874163589936e-03 1.018278033790958725e+05
1.443103258262595605e-03 1.047089848124313430e+05
1.457480465243975870e-03 1.067228106576278224e+05
1.472000908046772324e-03 1.098471606492510327e+05
1.486666013686716243e-03 1.120083956417372974e+05
1.501477223396470786e-03 1.154679455179450888e+05
1.516435992767270089e-03 1.177850380923637276e+05
1.531543791891969110e-03 1.201210187557491881e+05
1.546802105509518990e-03 1.237042925138077262e+05
1.562212433150882021e-03 1.261286750712519570e+05
1.577776289286399658e-03 1.299011750230242324e+05
1.593495203474629618e-03 1.325049561779931246e+05
1.609370720512664447e-03 1.365233126001349010e+05
1.625404400587949312e-03 1.392219854726381309e+05
1.641597819431610955e-03 1.434817023698968405e+05
1.657952568473315593e-03 1.463035993320367998e+05
1.674470254997667031e-03 1.491800255346067133e+05
1.691152502302166894e-03 1.536867408830596250e+05
1.708000949856744357e-03 1.567339278290365764e+05
1.725017253464878990e-03 1.614846140659314115e+05
1.742203085426325196e-03 1.646377776912916161e+05
1.759560134701461647e-03 1.695109609235759417e+05
1.777090107077273964e-03 1.728191016142407316e+05
1.794794725334995355e-03 1.779927497431041847e+05
1.812675729419413679e-03 1.814973448898641509e+05
1.830734876609867254e-03 1.868565639312703861e+05
1.848973941692944175e-03 1.904545829281156475e+05
1.867394717136901163e-03 1.960036474341430003e+05
1.885999013267821269e-03 1.998065258559057838e+05
1.904788658447526461e-03 2.057607291117912973e+05
1.923765499253260718e-03 2.097270801057592325e+05
1.942931400659166606e-03 2.157617159448501479e+05
1.962288246219567271e-03 2.199108457565097779e+05
1.981837938254074876e-03 2.264434941125060723e+05
2.001582398034544574e-03 2.308795886914849107e+05
2.021523565973889613e-03 2.376844576666757057e+05
2.041663401816776885e-03 2.422897971407435834e+05
2.062003884832225471e-03 2.494876052694394020e+05
2.082547014008119882e-03 2.543502718067705282e+05
2.103294808247665754e-03 2.617892974568974460e+05
2.124249306567796685e-03 2.668545310290576308e+05
2.145412568299564712e-03 2.746840177508064080e+05
2.166786673290522266e-03 2.801264211263835896e+05
2.188373722109121598e-03 2.883279852185931522e+05
2.210175836251151212e-03 2.939264898863907438e+05
2.232195158348230114e-03 3.023935615322596859e+05
2.254433852378375045e-03 3.082446900179309887e+05
2.276894103878671083e-03 3.171486494882183033e+05
2.299578120160055989e-03 3.232145346334148198e+05
2.322488130524247383e-03 3.326340986322308891e+05
2.345626386482830943e-03 3.390188787338467664e+05
2.368995161978530023e-03 3.486336368339015753e+05
2.392596753608680973e-03 3.552297544357374427e+05
2.416433480850932805e-03 3.653142329733736697e+05
2.440507686291198963e-03 3.722104472835165798e+05
2.464821735853876383e-03 3.829239178445657599e+05
2.489378019034360883e-03 3.902536594309590873e+05
2.514178949133877555e-03 4.014626980878325412e+05
2.539226963496650849e-03 4.090020605206678156e+05
2.564524523749439101e-03 4.204568163041065563e+05
2.590074116043452560e-03 4.283566867021901999e+05
2.615878251298683118e-03 4.403017937689648243e+05
2.641939465450670460e-03 4.485832466065956978e+05
2.668260319699722414e-03 4.612880272872795467e+05
2.694843400762620290e-03 4.700106813515668618e+05
2.721691321126833499e-03 4.832908935547246365e+05
2.748806719307263832e-03 4.925043436184783350e+05
2.776192260105549755e-03 5.065815427583683049e+05
2.803850634871951977e-03 5.162156405281675397e+05
2.831784561769851941e-03 5.310836642278828658e+05
2.859996786042880157e-03 5.410351091898103477e+05
2.888490080284711239e-03 5.559224393691227306e+05
2.917267244711541259e-03 5.661957022410292411e+05
2.946331107437285581e-03 5.817732169014106039e+05
2.975684524751514518e-03 5.925003994777965127e+05
3.005330381400157617e-03 6.088926682891603559e+05
3.035271590869007777e-03 6.256643298396547325e+05
3.065511095670049938e-03 6.372999235415270086e+05
3.096051867630625603e-03 6.549838482312135166e+05
3.126896908185526451e-03 6.672211698399934685e+05
3.158049248671917272e-03 6.855188133606327465e+05
3.189511950627296841e-03 6.979263125864464091e+05
3.221288106090321526e-03 7.166947557699340396e+05
3.253380837904732304e-03 7.297410270551699214e+05
3.285793300026203494e-03 7.493597908220017562e+05
3.318528677832354758e-03 7.629994998914982425e+05
3.351590188435745951e-03 7.835422041455863509e+05
3.384981081000095100e-03 7.978351502501809737e+05
3.418704637059542546e-03 8.196204762697780970e+05
3.452764170841199787e-03 8.345205596191566437e+05
3.487163029590806956e-03 8.566297285830117762e+05
3.521904593901741334e-03 8.719990056009541731e+05
3.556992278047195651e-03 8.951184396330219461e+05
3.592429530315775516e-03 9.190171041576900752e+05
3.628219833350327349e-03 9.355406878071316751e+05
3.664366704490257861e-03 9.606590940523806494e+05
3.700873696117147355e-03 9.779447214027349837e+05
3.737744396003922238e-03 1.003945406130602467e+06
3.774982427667390728e-03 1.021766141635752399e+06
3.812591450724407173e-03 1.048438628646219266e+06
3.850575161251464616e-03 1.066985423222439131e+06
3.888937292147995328e-03 1.094833391416732455e+06
3.927681613503162042e-03 1.114266601957349340e+06
3.966811932966433051e-03 1.143263730129254051e+06
4.006332096121718693e-03 1.163540528562111082e+06
4.046245986865365865e-03 1.193622957201672951e+06
4.086557527787790245e-03 1.214364892721493496e+06
4.127270680559036800e-03 1.245277077330249362e+06
4.168389446318053471e-03 1.276842261830346193e+06
4.209917866065974665e-03 1.299182324855817249e+06
4.251860021063189055e-03 1.332237618229093030e+06
4.294220033230498716e-03 1.355581593610600801e+06
4.337002065554137163e-03 1.389579492459773086e+06
4.380210322494961991e-03 1.413332194717524340e+06
4.423849050401584479e-03 1.448449174013512908e+06
4.467922537927755330e-03 1.473239014595141402e+06
4.512435116453764571e-03 1.509630105246104766e+06
4.557391160512191258e-03 1.535408730761316605e+06
4.602795088217735003e-03 1.573126199520515976e+06
4.648651361701493581e-03 1.611800179094888037e+06
4.694964487549408219e-03 1.639142021513223182e+06
4.741739017245226104e-03 1.679456672433989588e+06
4.788979547617730308e-03 1.708137586615844397e+06
4.836690721292577141e-03 1.749848355203349376e+06
4.884877227148475519e-03 1.779219503524239175e+06
4.933543800778075229e-03 1.821823083018641686e+06
4.982695224953284825e-03 1.852187007114203181e+06
5.032336330095362603e-03 1.896260286914909957e+06
5.082471994749607203e-03 1.940965529686693801e+06
5.133107146064806552e-03 1.973214782712666551e+06
5.184246760277462507e-03 2.019782422513533616e+06
5.235895863200834555e-03 2.052999826351783704e+06
5.288059530718861555e-03 2.101368880067925435e+06
5.340742889284996221e-03 2.135912511969028972e+06
5.393951116426018259e-03 2.185394116436420474e+06
5.447689441250860853e-03 2.235063502112823538e+06
5.501963144964508619e-03 2.271238781063938048e+06
5.556777561387013856e-03 2.322561672096359078e+06
5.612138077477688350e-03 2.359928135136547498e+06
5.668050133864508018e-03 2.413187698688061908e+06
5.724519225378804990e-03 2.451917105361138470e+06
5.781550901595272282e-03 2.507018939325398300e+06
5.839150767377361724e-03 2.563162328968372662e+06
5.897324483428103767e-03 2.603698929926927201e+06
5.956077766846426362e-03 2.660683834571075160e+06
6.015416391689005875e-03 2.702224888288849965e+06
6.075346189537722021e-03 2.760776656238052528e+06
6.135873050072762798e-03 2.803761351343837101e+06
6.197002921651444465e-03 2.863954302150893025e+06
6.258741811892789067e-03 2.924891815448117908e+06
6.321095788267934966e-03 2.970108975678089075e+06
6.384070978696422885e-03 3.032864623961438425e+06
6.447673572148429448e-03 3.078971030740289949e+06
6.511909819252990721e-03 3.142969171788844280e+06
6.576786032912294681e-03 3.208090969861207064e+06
6.642308588922091195e-03 3.256550097655329853e+06
6.708483926598278468e-03 3.323587402957733255e+06
6.775318549409736248e-03 3.373695810093269218e+06
6.842819025617463864e-03 3.442344969603313599e+06
6.910991988920084719e-03 3.511404905684517231e+06
6.979844139105782254e-03 3.563225124616808724e+06
7.049382242710726387e-03 3.633891207021535840e+06
7.119613133684071088e-03 3.705322030863916967e+06
7.190543714059562976e-03 3.759413588696714491e+06
7.262180954633852027e-03 3.832946291912066285e+06
7.334531895651552093e-03 3.888238630696448497e+06
7.407603647497136221e-03 3.962194780425324105e+06
7.481403391393711896e-03 4.036932282336647157e+06
7.555938380108770738e-03 4.094518678182508331e+06
7.631215938666962087e-03 4.170693083249505144e+06
7.707243465069967686e-03 4.248452286058616824e+06
7.784028431023552914e-03 4.307863669971953146e+06
7.861578382671857018e-03 4.386872874264669605e+06
7.939900941338999540e-03 4.447883027214147151e+06
8.019003804278080141e-03 4.528194868128879927e+06
8.098894745427631658e-03 4.608264702168773860e+06
8.179581616175614009e-03 4.670871721937473863e+06
8.261072346131024396e-03 4.752771658850941807e+06
8.343374943903185403e-03 4.835160763811411336e+06
8.426497497888806379e-03 4.900191230599972419e+06
8.510448177066875369e-03 4.984631654378633946e+06
8.595235231801483938e-03 5.069828702169035561e+06
8.680866994652631716e-03 5.136844984329392202e+06
8.767351881195132104e-03 5.222444538478712551e+06
8.854698390845655576e-03 5.308444355186741799e+06
8.942915107698025043e-03 5.377220763147031888e+06
9.032010701366825767e-03 5.464410511667442508e+06
9.121993927839426933e-03 5.552167080975487828e+06
9.212873630336486028e-03 5.622946625479901209e+06
9.304658740181027954e-03 5.712072770363858901e+06
9.397358277676180413e-03 5.801140703545078635e+06
9.490981352991664441e-03 5.874279036975729279e+06
9.585537167059093866e-03 5.964827995570701547e+06
9.681035012476227677e-03 6.056158990656957030e+06
9.777484274420192648e-03 6.146565069347537123e+06
9.874894431569842743e-03 6.221335856630805880e+06
9.973275057037270935e-03 6.312200258775634691e+06
1.007263581930863648e-02 6.403348968899501488e+06
1.017298648319433368e-02 6.479716820663811639e+06
1.027433691078865306e-02 6.571434040815076791e+06
1.037669706243898177e-02 6.663117884398660623e+06
1.048007699772467854e-02 6.755178916849751957e+06
1.058448687644568745e-02 6.834061140696955845e+06
1.068993695962100476e-02 6.926590365105122328e+06
1.079643761049709980e-02 7.018750368209676817e+06
1.090399929556636581e-02 7.110207075050828978e+06
1.101263258559574514e-02 7.190270456539741717e+06
1.112234815666556832e-02 7.282082911543791182e+06
1.123315679121877041e-02 7.373897498987655155e+06
1.134506937912054328e-02 7.466398385872231796e+06
1.145809691872856119e-02 7.558494521816983819e+06
1.157225051797384878e-02 7.641576964322693646e+06
1.168754139545243043e-02 7.558381961233166978e+06
1.180398088152785629e-02 7.464625348804836161e+06
1.192158041944470573e-02 7.346021306955239736e+06
1.204035156645318939e-02 7.328087510038737208e+06
1.216030599494494734e-02 7.231180038700954057e+06
1.228145549360017651e-02 7.139438319618010893e+06
1.240381196854617799e-02 7.133557953091368079e+06
1.252738744452744010e-02 7.066202784381064586e+06
1.265219406608739279e-02 7.066660468079808168e+06
1.277824409876192856e-02 7.001179745948984288e+06
1.290554993028481152e-02 6.938779356269904412e+06
1.303412407180509769e-02 6.941500075566948391e+06
1.316397915911669131e-02 6.882016712028654292e+06
1.329512795390013283e-02 6.885510888456635177e+06
1.342758334497677966e-02 6.826531892643745057e+06
1.356135834957547179e-02 6.829090165176675655e+06
1.369646611461180878e-02 6.766392192512426525e+06
1.383291991798019094e-02 6.765771074465559795e+06
1.397073316985871297e-02 6.700806148861235008e+06
1.410991941402707332e-02 6.703949936189911328e+06
1.425049232919760323e-02 6.653185223645879887e+06
1.439246573035956114e-02 6.661107988649782725e+06
1.453585357013682279e-02 6.612525678302257322e+06
1.468066994015908809e-02 6.619360109445192851e+06
1.482692907244675777e-02 6.568871528136878274e+06
1.497464534080960100e-02 6.575003868299203925e+06
1.512383326225936672e-02 6.525101483329379931e+06
1.527450749843645671e-02 6.531609470903213136e+06
1.542668285705081806e-02 6.481978952916569076e+06
1.558037429333719755e-02 6.488406428952561691e+06
1.573559691152487047e-02 6.439140534525105730e+06
1.589236596632205567e-02 6.390329230509723537e+06
1.605069686441505661e-02 6.396716981700417586e+06
1.621060516598241130e-02 6.348465953567557968e+06
1.637210658622405973e-02 6.354721026295365766e+06
1.653521699690579591e-02 6.306741145649031736e+06
1.669995242791907225e-02 6.312974095011299476e+06
1.686632906885636787e-02 6.265049361466021277e+06
1.703436327060223535e-02 6.271045930695540272e+06
1.720407154694021667e-02 6.223664829135729000e+06
1.737547057617574303e-02 6.229782458482817747e+06
1.754857720277522987e-02 6.181981740411909297e+06
1.772340843902147148e-02 6.187817895466801710e+06
1.789998146668557097e-02 6.140565939953417517e+06
1.807831363871548191e-02 6.146255806875668466e+06
1.825842248094139419e-02 6.098829432712058537e+06
1.844032569379812359e-02 6.104418956459084526e+06
1.862404115406462654e-02 6.057124679127519950e+06
1.880958691662086915e-02 6.010561422966310754e+06
1.899698121622220293e-02 6.015729788553762250e+06
1.918624246929139660e-02 5.969074740588390268e+06
1.937738927572855638e-02 5.974229662964292802e+06
1.957044042073902146e-02 5.927674595768840052e+06
1.976541487667953650e-02 5.932840283733022399e+06
1.996233180492277062e-02 5.886980170040322468e+06
2.016121055774042908e-02 5.841638784834007733e+06
2.036207068020512434e-02 5.846870750240125693e+06
2.056493191211118676e-02 5.802063451974439435e+06
2.076981418991463366e-02 5.807115662860029377e+06
2.097673764869243535e-02 5.762789621933297254e+06
2.118572262412132465e-02 5.767894943727168255e+06
2.139678965447631975e-02 5.724071268275945447e+06
2.160995948264913397e-02 5.680269648069524206e+06
2.182525305818671518e-02 5.685932319347728975e+06
2.204269153935009898e-02 5.642589267400356941e+06
2.226229629519376613e-02 5.648098092063574120e+06
2.248408890766569537e-02 5.605292365121986717e+06
2.270809117372838207e-02 5.563121724737007171e+06
2.293432510750094064e-02 5.568659384760072455e+06
2.316281294242259620e-02 5.526864607453245670e+06
2.339357713343768325e-02 5.485766545200067572e+06
2.362664035920244640e-02 5.491288367138911039e+06
2.386202552431380616e-02 5.450133967403471470e+06
2.409975576156037080e-02 5.409799247042085044e+06
2.433985443419576719e-02 5.415443681285477243e+06
2.458234513823478670e-02 5.375509852918380871e+06
2.482725170477225601e-02 5.336014064675417729e+06
2.507459820232509073e-02 5.341901454011501744e+06
2.532440893919765332e-02 5.302803614798757248e+06
2.557670846587068239e-02 5.264309521031931974e+06
2.583152157741403637e-02 5.270138984058353119e+06
2.608887331592344566e-02 5.232271320942578837e+06
2.634878897298156830e-02 5.194466599719380029e+06
2.661129409214355035e-02 5.200691848036934622e+06
2.687641447144735116e-02 5.164148529293058440e+06
2.714417616594907989e-02 5.128175632893231697e+06
2.741460549028360005e-02 5.092398744915919378e+06
2.768772902125062052e-02 5.098960686946728267e+06
2.796357360042657156e-02 5.063747255606769584e+06
2.824216633680249819e-02 5.029337260435823351e+06
2.852353460944823463e-02 4.995283138701075688e+06
2.880770607020310958e-02 5.001905483889196068e+06
2.909470864639347384e-02 4.968650313825060613e+06
2.938457054357729650e-02 4.935465148622336797e+06
2.967732024831610041e-02 4.903056080068024807e+06
2.997298653097451790e-02 4.909937388195067644e+06
3.027159844854772699e-02 4.878074336661837995e+06
3.057318534751709074e-02 4.846772293389854953e+06
3.087777686673419397e-02 4.815447588277120143e+06
3.118540294033365565e-02 4.784778767273074947e+06
3.149609380067494580e-02 4.792255606522406451e+06
3.180987998131349498e-02 4.762097679047510959e+06
3.212679232000145019e-02 4.732156780070759356e+06
3.244686196171826797e-02 4.702970916732683778e+06
3.277012036173153342e-02 4.673966181712673977e+06
3.309659928868827899e-02 4.645477074738135561e+06
3.342633082773709130e-02 4.653328720376750454e+06
3.375934738368129018e-02 4.625477079680356197e+06
3.409568168416361039e-02 4.597585772032357752e+06
3.443536678288249692e-02 4.570618512900267728e+06
3.477843606284053424e-02 4.543598441322674043e+06
3.512492323962520396e-02 4.517237324051731266e+06
3.547486236472229687e-02 4.491303042073315009e+06
3.582828782886243041e-02 4.466139406029523350e+06
3.618523436540076188e-02 4.441183500748736784e+06
3.654573705373053566e-02 4.416679799257373437e+06
3.690983132273049916e-02 4.392680333592957817e+06
3.727755295424674264e-02 4.368901100658584386e+06
3.764893808660921271e-02 4.345592684851393104e+06
3.802402321818325326e-02 4.322597041059616022e+06
3.840284521095652104e-02 4.331716627482416108e+06
3.878544129416165026e-02 4.309114168511615135e+06
3.917184906793501342e-02 4.287033179921322502e+06
3.956210650701191128e-02 4.234506177269348875e+06
3.995625196445860144e-02 4.213301963920648210e+06
4.035432417544149164e-02 4.192403867837553378e+06
4.075636226103388632e-02 4.171985690441209823e+06
4.116240573206066122e-02 4.151869281497750431e+06
4.157249449298126148e-02 4.131810458807243034e+06
4.198666884581134240e-02 4.112443183473622892e+06
4.240496949408349009e-02 4.093127791200319305e+06
4.282743754684747300e-02 4.074256264847795479e+06
4.325411452271021862e-02 4.055729798787627369e+06
4.368504235391616058e-02 4.037327495707309805e+06
4.412026339046816459e-02 4.019507823272731621e+06
4.455982040428951851e-02 4.001640709424813744e+06
4.500375659342743112e-02 3.957191447981441859e+06
4.545211558629835141e-02 3.940013601336474530e+06
4.590494144597562221e-02 3.923606391933999956e+06
4.636227867451983564e-02 3.907305018328648061e+06
4.682417221735231394e-02 3.891021686764998361e+06
4.729066746767220802e-02 3.849551916925335769e+06
4.776181027091756792e-02 3.834651352933376096e+06
4.823764692927084291e-02 3.819991459312864579e+06
4.871822420620931099e-02 3.805533104568482377e+06
4.920358933110081240e-02 3.766589145555016119e+06
4.969379000384528677e-02 3.752929371475868858e+06
5.018887439956253721e-02 3.739365873522991315e+06
5.068889117332669308e-02 3.726001094699220266e+06
5.119388946494787818e-02 3.689267725415996742e+06
5.170391890380147265e-02 3.676868201681943610e+06
5.221902961370548935e-02 3.664314611949956510e+06
5.273927221784661251e-02 3.629585684855548199e+06
5.326469784375519739e-02 3.617727090495408047e+06
5.379535812832992453e-02 3.606503556999012828e+06
5.433130522291249043e-02 3.572748989513025619e+06
5.487259179841284112e-02 3.562070762824819889e+06
5.541927105048547603e-02 3.529782407139243558e+06
5.597139670475730078e-02 3.519248407410427928e+06
5.652902302210763980e-02 3.509560910305185709e+06
5.709220480400072767e-02 3.478772656744425185e+06
5.766099739787144962e-02 3.469009922339589335e+06
5.823545670256465023e-02 3.439247181252966169e+06
5.881563917382869044e-02 3.430233775136582088e+06
5.940160182986368997e-02 3.401384465953577310e+06
5.999340225692507966e-02 3.393075512189386413e+06
6.059109861498296334e-02 3.364938072003768291e+06
6.119474964343786516e-02 3.337686890242878813e+06
6.180441466689341745e-02 3.330115063272753265e+06
6.242015360098657900e-02 3.303607888223391026e+06
6.304202695827590408e-02 3.296371214192690328e+06
6.367009585418852147e-02 3.271187064315577969e+06
6.430442201302630223e-02 3.246239152760071214e+06
6.494506777403190323e-02 3.240261403641505167e+06
6.559209609751526227e-02 3.216333317788187880e+06
6.624557057104109303e-02 3.192844613579752389e+06
6.690555541567802522e-02 3.187545273531442042e+06
6.757211549231002812e-02 3.165027163640187122e+06
6.824531630801070059e-02 3.142980634386730380e+06
6.892522402248105196e-02 3.121445923009115737e+06
6.961190545455143985e-02 3.100365907458210364e+06
7.030542808874831739e-02 3.096335387260632589e+06
7.100586008192627530e-02 3.075890662461397704e+06
7.171327026996635046e-02 3.056115156710665673e+06
7.242772817454087853e-02 3.036439665854687802e+06
7.314930400994588966e-02 3.017605229600673076e+06
7.387806869000146381e-02 2.998853127246771939e+06
7.461409383502091985e-02 2.980789178658003453e+06
7.535745177884936585e-02 2.962985520425940398e+06
7.610821557597244325e-02 2.945545115295860916e+06
7.686645900869577830e-02 2.943130504596935119e+06
7.763225659439612625e-02 2.911969740271720104e+06
7.840568359284459665e-02 2.895567430508680176e+06
7.918681601360295919e-02 2.879745735796138179e+06
7.997573062349352946e-02 2.864249339254593942e+06
8.077250495414357856e-02 2.849224634808925446e+06
8.157721730960482143e-02 2.834057103379570413e+06
8.238994677404887224e-02 2.819700556784591638e+06
8.321077321953933292e-02 2.805644631554546300e+06
8.403977731388136141e-02 2.791718759721555747e+06
8.487704052854938563e-02 2.765480766017435119e+06
8.572264514669369895e-02 2.752365417174219619e+06
8.657667427122718584e-02 2.740024547266763169e+06
8.743921183299220579e-02 2.727398165353738237e+06
8.831034259900903682e-02 2.703122905676372349e+06
8.919015218080648955e-02 2.691414742518489715e+06
9.007872704283546861e-02 2.679916551125471480e+06
9.097615451096641159e-02 2.656844519456120208e+06
9.188252278107129911e-02 2.645861687488776632e+06
9.279792092769129086e-02 2.623646987303277478e+06
9.372243891279058436e-02 2.613095053660136648e+06
9.465616759459762053e-02 2.591648263830004260e+06
9.559919873653417721e-02 2.581810173771720380e+06
9.655162501623366922e-02 2.560830414406220429e+06
9.751354003464908493e-02 2.551379356671690475e+06
9.848503832525175306e-02 2.531343152184035629e+06
9.946621536332178604e-02 2.522055289622436278e+06
1.004571675753310050e-01 2.502253964917299338e+06
1.014579923484193597e-01 2.483201872346234974e+06
1.024687880399658413e-01 2.464477113790483680e+06
1.034896539872546262e-01 2.456111919186195824e+06
1.045206905172375994e-01 2.437969894621660002e+06
1.055619989563941208e-01 2.420474189470926765e+06
1.066136816406890175e-01 2.403327695314216893e+06
1.076758419256298033e-01 2.386575883101304993e+06
1.087485841964240252e-01 2.379678409207587596e+06
1.098320138782379191e-01 2.363872832689622417e+06
1.109262374465571910e-01 2.348223243062245660e+06
1.120313624376509942e-01 2.333356656935697421e+06
1.131474974591402394e-01 2.318968126012720168e+06
1.142747522006711813e-01 2.305221090412158985e+06
1.154132374446952269e-01 2.291567453918002546e+06
1.165630650773563093e-01 2.269987169486296829e+06
1.177243480994865921e-01 2.256750090773336589e+06
1.188972006377118223e-01 2.244570106285983697e+06
1.200817379556672199e-01 2.232376282794171479e+06
1.212780764653252352e-01 2.220416154664583970e+06
1.224863337384360096e-01 2.200857086024197750e+06
1.237066285180819653e-01 2.189116659685250837e+06
1.249390807303474016e-01 2.178105301082910504e+06
1.261838114961043589e-01 2.159512176473220345e+06
1.274409431429160411e-01 2.148936490312633105e+06
1.287105992170586022e-01 2.130865741705518682e+06
1.299929044956628643e-01 2.120708580721217673e+06
1.312879849989769809e-01 2.103341325900023803e+06
1.325959680027511689e-01 2.093580779645505594e+06
1.339169820507460085e-01 2.076638687578757759e+06
1.352511569673651992e-01 2.060162043942356948e+06
1.365986238704141598e-01 2.043710791991341393e+06
1.379595151839858869e-01 2.034513364112992072e+06
1.393339646514751562e-01 2.018869555386771448e+06
1.407221073487221474e-01 2.003236310358270071e+06
1.421240796972874088e-01 1.987617266501604812e+06
1.435400194778587157e-01 1.972179444978895830e+06
1.449700658437917400e-01 1.957162114414728479e+06
1.464143593347854988e-01 1.942310475760606583e+06
1.478730418906940014e-01 1.927459649274999509e+06
1.493462568654757849e-01 1.913069967904167483e+06
1.508341490412819508e-01 1.898513294685071101e+06
1.523368646426850881e-01 1.884486024263653206e+06
1.538545513510493901e-01 1.864337040632503107e+06
1.553873583190445717e-01 1.850412948693732731e+06
1.569354361853037283e-01 1.836462366102579981e+06
1.584989370892277705e-01 1.816537581114950124e+06
1.600780146859370201e-01 1.802901236033262918e+06
1.616728241613719086e-01 1.783519386526861927e+06
1.632835222475440551e-01 1.769935128146010684e+06
1.649102672379393064e-01 1.750339627863887465e+06
1.665532190030742932e-01 1.731179535260781413e+06
1.682125390062078618e-01 1.717678048117247177e+06
1.698883903192091316e-01 1.698276473971263273e+06
1.715809376385835083e-01 1.679263212828426389e+06
1.732903473016585705e-01 1.660172904501136858e+06
1.750167873029310761e-01 1.640888825401100796e+06
1.767604273105767287e-01 1.621847769083990715e+06
1.785214386831246447e-01 1.602494498638830846e+06
1.802999944862978265e-01 1.583368949489293620e+06
1.820962695100213913e-01 1.563821152463017730e+06
1.839104402856003573e-01 1.544579449818636524e+06
1.857426851030683779e-01 1.524921319196310127e+06
1.875931840287095032e-01 1.499592114843571559e+06
1.894621189227544411e-01 1.479318008491273737e+06
1.913496734572530944e-01 1.459113080022504553e+06
1.932560331341251214e-01 1.433063774954963243e+06
1.951813853033904644e-01 1.412428480254514841e+06
1.971259191815814271e-01 1.386009369635620620e+06
1.990898258703381052e-01 1.364842790643126005e+06
2.010732983751891412e-01 1.337815473226515809e+06
2.030765316245197183e-01 1.316067564191194950e+06
2.050997224887282921e-01 1.288436739635564387e+06
2.071430697995743919e-01 1.260371601912375772e+06
2.092067743697189064e-01 1.237696919155985583e+06
2.112910390124594362e-01 1.209052301966645988e+06
2.133960685616618225e-01 1.180320995697962353e+06
2.155220698918906552e-01 1.151199839079473400e+06
2.176692519387399827e-01 1.121978865546062123e+06
2.198378257193668583e-01 1.092423827051513828e+06
2.220280043532292524e-01 1.062412774744906928e+06
2.242400030830306867e-01 1.032172989867474302e+06
2.264740392958734805e-01 1.001699239914614242e+06
2.287303325446227720e-01 9.709512483706367202e+05
2.310091045694833700e-01 9.398749409703840502e+05
2.333105793197915168e-01 9.085499105844284641e+05
2.356349829760238657e-01 8.769462328804433346e+05
2.379825439720256175e-01 8.450393636185857467e+05
2.403534930174602013e-01 8.128871870898318011e+05
2.427480631204825545e-01 7.804822694853548892e+05
2.451664896106383051e-01 7.478720354589463677e+05
2.476090101619911055e-01 7.149944307406399166e+05
2.500758648164803088e-01 6.820032187831233023e+05
2.525672960075115436e-01 6.487161163222243777e+05
2.550835485837819605e-01 6.096100182825921802e+05
2.576248698333433729e-01 5.758026255127722397e+05
2.601915095079044282e-01 5.416487668084499892e+05
2.627837198473756408e-01 5.071475013534310856e+05
2.654017556046583959e-01 4.721875007749130018e+05
2.680458740706812559e-01 4.368389963031291263e+05
2.707163350996854012e-01 4.006007558299150551e+05
2.734134011347623128e-01 3.634450883018304012e+05
2.761373372336456411e-01 3.250898898731590016e+05
2.788884110947600914e-01 2.850150212460303446e+05
2.816668930835299345e-01 2.423348440449169721e+05
2.844730562589493084e-01 1.953451957135923149e+05
2.873071764004176964e-01 1.400215775544682692e+05
2.901695320348425255e-01 9.645294393661804497e+04
2.930604044640114370e-01 0.000000000000000000e+00
2.959800777922380055e-01 0.000000000000000000e+00
2.989288389542820723e-01 0.000000000000000000e+00
3.019069777435490765e-01 0.000000000000000000e+00
3.049147868405694406e-01 0.000000000000000000e+00
3.079525618417624511e-01 0.000000000000000000e+00
3.110206012884862981e-01 0.000000000000000000e+00
3.141192066963774954e-01 0.000000000000000000e+00
3.172486825849829550e-01 0.000000000000000000e+00
3.204093365076868816e-01 0.000000000000000000e+00
3.236014790819360942e-01 0.000000000000000000e+00
3.268254240197661642e-01 0.000000000000000000e+00
3.300814881586321969e-01 0.000000000000000000e+00
3.333699914925461472e-01 0.000000000000000000e+00
3.366912572035249407e-01 0.000000000000000000e+00
3.400456116933512907e-01 0.000000000000000000e+00
3.434333846156515935e-01 0.000000000000000000e+00
3.468549089082928472e-01 0.000000000000000000e+00
3.503105208261026449e-01 0.000000000000000000e+00
3.538005599739149631e-01 0.000000000000000000e+00
3.573253693399455200e-01 0.000000000000000000e+00
3.608852953294991450e-01 0.000000000000000000e+00
3.644806877990133809e-01 0.000000000000000000e+00
3.681119000904408689e-01 0.000000000000000000e+00
3.717792890659749050e-01 0.000000000000000000e+00
3.754832151431199971e-01 0.000000000000000000e+00
3.792240423301129204e-01 0.000000000000000000e+00
3.830021382616957126e-01 0.000000000000000000e+00
3.868178742352455513e-01 0.000000000000000000e+00
3.906716252472647311e-01 0.000000000000000000e+00
3.945637700302336293e-01 0.000000000000000000e+00
3.984946910898312655e-01 0.000000000000000000e+00
4.024647747425265654e-01 0.000000000000000000e+00
4.064744111535442128e-01 0.000000000000000000e+00
4.105239943752084231e-01 0.000000000000000000e+00
4.146139223856691314e-01 0.000000000000000000e+00
4.187445971280138735e-01 0.000000000000000000e+00
4.229164245497690766e-01 0.000000000000000000e+00
4.271298146427952025e-01 0.000000000000000000e+00
4.313851814835792386e-01 0.000000000000000000e+00
4.356829432739286467e-01 0.000000000000000000e+00
4.400235223820705976e-01 0.000000000000000000e+00
4.444073453841608790e-01 0.000000000000000000e+00
4.488348431062061938e-01 0.000000000000000000e+00
4.533064506664041260e-01 0.000000000000000000e+00
4.578226075179049337e-01 0.000000000000000000e+00
4.623837574919994475e-01 0.000000000000000000e+00
4.669903488417371795e-01 0.000000000000000000e+00
4.716428342859789735e-01 0.000000000000000000e+00
4.763416710538884713e-01 0.000000000000000000e+00
4.810873209298671682e-01 0.000000000000000000e+00
4.858802502989365002e-01 0.000000000000000000e+00
4.907209301925726797e-01 0.000000000000000000e+00
4.956098363349980551e-01 0.000000000000000000e+00
5.005474491899332135e-01 0.000000000000000000e+00
5.055342540078155977e-01 0.000000000000000000e+00
5.105707408734876385e-01 0.000000000000000000e+00
5.156574047543608375e-01 0.000000000000000000e+00
5.207947455490593569e-01 0.000000000000000000e+00
5.259832681365480544e-01 0.000000000000000000e+00
5.312234824257503485e-01 0.000000000000000000e+00
5.365159034056597998e-01 0.000000000000000000e+00
5.418610511959517373e-01 0.000000000000000000e+00
5.472594510980984817e-01 0.000000000000000000e+00
5.527116336469942715e-01 0.000000000000000000e+00
5.582181346630938901e-01 0.000000000000000000e+00
5.637794953050715430e-01 0.000000000000000000e+00
5.693962621230036492e-01 0.000000000000000000e+00
5.750689871120826524e-01 0.000000000000000000e+00
5.807982277668622961e-01 0.000000000000000000e+00
5.865845471360502383e-01 0.000000000000000000e+00
5.924285138778393467e-01 0.000000000000000000e+00
5.983307023157947713e-01 0.000000000000000000e+00
6.042916924952954627e-01 0.000000000000000000e+00
6.103120702405395726e-01 0.000000000000000000e+00
6.163924272121169556e-01 0.000000000000000000e+00
6.225333609651549915e-01 0.000000000000000000e+00
6.287354750080447197e-01 0.000000000000000000e+00
6.349993788617509516e-01 0.000000000000000000e+00
6.413256881197140213e-01 0.000000000000000000e+00
6.477150245083478364e-01 0.000000000000000000e+00
6.541680159481411128e-01 0.000000000000000000e+00
6.606852966153667905e-01 0.000000000000000000e+00
6.672675070044069567e-01 0.000000000000000000e+00
6.739152939906978279e-01 0.000000000000000000e+00
6.806293108943024528e-01 0.000000000000000000e+00
6.874102175441167972e-01 0.000000000000000000e+00
6.942586803427150954e-01 0.000000000000000000e+00
7.011753723318414622e-01 0.000000000000000000e+00
7.081609732585542050e-01 0.000000000000000000e+00
7.152161696420282766e-01 0.000000000000000000e+00
7.223416548410245275e-01 0.000000000000000000e+00
7.295381291220300879e-01 0.000000000000000000e+00
7.368062997280780957e-01 0.000000000000000000e+00
7.441468809482529867e-01 0.000000000000000000e+00
7.515605941878877871e-01 0.000000000000000000e+00
7.590481680394618458e-01 0.000000000000000000e+00
7.666103383542038907e-01 0.000000000000000000e+00
7.742478483144085155e-01 0.000000000000000000e+00
7.819614485064738663e-01 0.000000000000000000e+00
7.897518969946664136e-01 0.000000000000000000e+00
7.976199593956203593e-01 0.000000000000000000e+00
8.055664089535800043e-01 0.000000000000000000e+00
8.135920266163912951e-01 0.000000000000000000e+00
8.216976011122504309e-01 0.000000000000000000e+00
8.298839290272170821e-01 0.000000000000000000e+00
8.381518148835002124e-01 0.000000000000000000e+00
8.465020712185231666e-01 0.000000000000000000e+00
8.549355186647774607e-01 0.000000000000000000e+00
8.634529860304706039e-01 0.000000000000000000e+00
8.720553103809793871e-01 0.000000000000000000e+00
8.807433371211128570e-01 0.000000000000000000e+00
8.895179200781957451e-01 0.000000000000000000e+00
8.983799215859797904e-01 0.000000000000000000e+00
9.073302125693900599e-01 0.000000000000000000e+00
9.163696726301172601e-01 0.000000000000000000e+00
9.254991901330604787e-01 0.000000000000000000e+00
9.347196622936337906e-01 0.000000000000000000e+00
9.440319952659400604e-01 0.000000000000000000e+00
9.534371042318253719e-01 0.000000000000000000e+00
9.629359134908190843e-01 0.000000000000000000e+00
9.725293565509710580e-01 0.000000000000000000e+00
9.822183762205930480e-01 0.000000000000000000e+00
9.920039247009145855e-01 0.000000000000000000e+00
1.001886963679662124e+00 0.000000000000000000e+00
1.011868464425569103e+00 0.000000000000000000e+00
1.021949407883830485e+00 0.000000000000000000e+00
1.032130784772504306e+00 0.000000000000000000e+00
1.042413595679877680e+00 0.000000000000000000e+00
1.052798851162799920e+00 0.000000000000000000e+00
1.063287571845996204e+00 0.000000000000000000e+00
1.073880788522371788e+00 0.000000000000000000e+00
1.084579542254313411e+00 0.000000000000000000e+00
1.095384884476001686e+00 0.000000000000000000e+00
1.106297877096742655e+00 0.000000000000000000e+00
1.117319592605326983e+00 0.000000000000000000e+00
1.128451114175431425e+00 0.000000000000000000e+00
1.139693535772069000e+00 0.000000000000000000e+00
1.151047962259099000e+00 0.000000000000000000e+00
1.162515509507809908e+00 0.000000000000000000e+00
1.174097304506582784e+00 0.000000000000000000e+00
1.185794485471647342e+00 0.000000000000000000e+00
1.197608201958941798e+00 0.000000000000000000e+00
1.209539614977087174e+00 0.000000000000000000e+00
1.221589897101486688e+00 0.000000000000000000e+00
1.233760232589562467e+00 0.000000000000000000e+00
1.246051817497139780e+00 0.000000000000000000e+00
1.258465859795990571e+00 0.000000000000000000e+00
1.271003579492549829e+00 0.000000000000000000e+00
1.283666208747811455e+00 0.000000000000000000e+00
1.296454991998422734e+00 0.000000000000000000e+00
1.309371186078980509e+00 0.000000000000000000e+00
1.322416060345550370e+00 0.000000000000000000e+00
1.335590896800413097e+00 0.000000000000000000e+00
1.348896990218056091e+00 0.000000000000000000e+00
1.362335648272417377e+00 0.000000000000000000e+00
1.375908191665401237e+00 0.000000000000000000e+00
1.389615954256669950e+00 0.000000000000000000e+00
1.403460283194732039e+00 0.000000000000000000e+00
1.417442539049333927e+00 0.000000000000000000e+00
1.431564095945172532e+00 0.000000000000000000e+00
1.445826341696939243e+00 0.000000000000000000e+00
1.460230677945708377e+00 0.000000000000000000e+00
1.474778520296686102e+00 0.000000000000000000e+00
1.489471298458330928e+00 0.000000000000000000e+00
1.504310456382859762e+00 0.000000000000000000e+00
1.519297452408154170e+00 0.000000000000000000e+00
1.534433759401081065e+00 0.000000000000000000e+00
1.549720864902240258e+00 0.000000000000000000e+00
1.565160271272154180e+00 0.000000000000000000e+00
1.580753495838915113e+00 0.000000000000000000e+00
1.596502071047301907e+00 0.000000000000000000e+00
1.612407544609383292e+00 0.000000000000000000e+00
1.628471479656621534e+00 0.000000000000000000e+00
1.644695454893490894e+00 0.000000000000000000e+00
1.661081064752627068e+00 0.000000000000000000e+00
1.677629919551522075e+00 0.000000000000000000e+00
1.694343645650780550e+00 0.000000000000000000e+00
1.711223885613952334e+00 0.000000000000000000e+00
1.728272298368957571e+00 0.000000000000000000e+00
1.745490559371119854e+00 0.000000000000000000e+00
1.762880360767824506e+00 0.000000000000000000e+00
1.780443411564815559e+00 0.000000000000000000e+00
1.798181437794151627e+00 0.000000000000000000e+00
1.816096182683832883e+00 0.000000000000000000e+00
1.834189406829120683e+00 0.000000000000000000e+00
1.852462888365560278e+00 0.000000000000000000e+00
1.870918423143731246e+00 0.000000000000000000e+00
1.889557824905736094e+00 0.000000000000000000e+00
1.908382925463449009e+00 0.000000000000000000e+00
1.927395574878538520e+00 0.000000000000000000e+00
1.946597641644285392e+00 0.000000000000000000e+00
1.965991012869211074e+00 0.000000000000000000e+00
1.985577594462536455e+00 0.000000000000000000e+00
2.005359311321486704e+00 0.000000000000000000e+00
2.025338107520462838e+00 0.000000000000000000e+00
2.045515946502100224e+00 0.000000000000000000e+00
2.065894811270225784e+00 0.000000000000000000e+00
2.086476704584741881e+00 0.000000000000000000e+00
2.107263649158450658e+00 0.000000000000000000e+00
2.128257687855837244e+00 0.000000000000000000e+00
2.149460883893836716e+00 0.000000000000000000e+00
2.170875321044597239e+00 0.000000000000000000e+00
2.192503103840268253e+00 0.000000000000000000e+00
2.214346357779823915e+00 0.000000000000000000e+00
2.236407229537950681e+00 0.000000000000000000e+00
2.258687887176013653e+00 0.000000000000000000e+00
2.281190520355127038e+00 0.000000000000000000e+00
2.303917340551343340e+00 0.000000000000000000e+00
2.326870581272992844e+00 0.000000000000000000e+00
2.350052498280180924e+00 0.000000000000000000e+00
2.373465369806478709e+00 0.000000000000000000e+00
2.397111496782817763e+00 0.000000000000000000e+00
2.420993203063617649e+00 0.000000000000000000e+00
2.445112835655166350e+00 0.000000000000000000e+00
2.469472764946273990e+00 0.000000000000000000e+00
2.494075384941227824e+00 0.000000000000000000e+00
2.518923113495064037e+00 0.000000000000000000e+00
2.544018392551187890e+00 0.000000000000000000e+00
2.569363688381356869e+00 0.000000000000000000e+00
2.594961491828059241e+00 0.000000000000000000e+00
2.620814318549301802e+00 0.000000000000000000e+00
2.646924709265841891e+00 0.000000000000000000e+00
2.673295230010879209e+00 0.000000000000000000e+00
2.699928472382236322e+00 0.000000000000000000e+00
2.726827053797051370e+00 0.000000000000000000e+00
2.753993617749007861e+00 0.000000000000000000e+00
2.781430834068127744e+00 0.000000000000000000e+00
2.809141399183152643e+00 0.000000000000000000e+00
2.837128036386539431e+00 0.000000000000000000e+00
2.865393496102093263e+00 0.000000000000000000e+00
2.893940556155272237e+00 0.000000000000000000e+00
2.922772022046179696e+00 0.000000000000000000e+00
2.951890727225278344e+00 0.000000000000000000e+00
2.981299533371852828e+00 0.000000000000000000e+00
3.011001330675244336e+00 0.000000000000000000e+00
3.040999038118887388e+00 0.000000000000000000e+00
3.071295603767177251e+00 0.000000000000000000e+00
3.101894005055194192e+00 0.000000000000000000e+00
3.132797249081316515e+00 0.000000000000000000e+00
3.164008372902745059e+00 0.000000000000000000e+00
3.195530443833975554e+00 0.000000000000000000e+00
3.227366559748241492e+00 0.000000000000000000e+00
3.259519849381963486e+00 0.000000000000000000e+00
3.291993472642229523e+00 0.000000000000000000e+00
3.324790620917338124e+00 0.000000000000000000e+00
3.357914517390435893e+00 0.000000000000000000e+00
3.391368417356282361e+00 0.000000000000000000e+00
3.425155608541166075e+00 0.000000000000000000e+00
3.459279411426011919e+00 0.000000000000000000e+00
3.493743179572704971e+00 0.000000000000000000e+00
3.528550299953665093e+00 0.000000000000000000e+00
3.563704193284709110e+00 0.000000000000000000e+00
3.599208314361223238e+00 0.000000000000000000e+00
3.635066152397688821e+00 0.000000000000000000e+00
3.671281231370590259e+00 0.000000000000000000e+00
3.707857110364737085e+00 0.000000000000000000e+00
3.744797383923038403e+00 0.000000000000000000e+00
3.782105682399761637e+00 0.000000000000000000e+00
3.819785672317309810e+00 0.000000000000000000e+00
3.857841056726554640e+00 0.000000000000000000e+00
3.896275575570757876e+00 0.000000000000000000e+00
3.935093006053119069e+00 0.000000000000000000e+00
3.974297163007986633e+00 0.000000000000000000e+00
4.013891899275764175e+00 0.000000000000000000e+00
4.053881106081554719e+00 0.000000000000000000e+00
4.094268713417575256e+00 0.000000000000000000e+00
4.135058690429381123e+00 0.000000000000000000e+00
4.176255045805942423e+00 0.000000000000000000e+00
4.217861828173597338e+00 0.000000000000000000e+00
4.259883126493941852e+00 0.000000000000000000e+00
4.302323070465677191e+00 0.000000000000000000e+00
4.345185830930456738e+00 0.000000000000000000e+00
4.388475620282785705e+00 0.000000000000000000e+00
4.432196692883999312e+00 0.000000000000000000e+00
4.476353345480363899e+00 0.000000000000000000e+00
4.520949917625344483e+00 0.000000000000000000e+00
4.565990792106085827e+00 0.000000000000000000e+00
4.611480395374128349e+00 0.000000000000000000e+00
4.657423197980431695e+00 0.000000000000000000e+00
4.703823715014716633e+00 0.000000000000000000e+00
4.750686506549198995e+00 0.000000000000000000e+00
4.798016178086728978e+00 0.000000000000000000e+00
4.845817381013409531e+00 0.000000000000000000e+00
4.894094813055713367e+00 0.000000000000000000e+00
4.942853218742160770e+00 0.000000000000000000e+00
4.992097389869591950e+00 0.000000000000000000e+00
5.041832165974091673e+00 0.000000000000000000e+00
5.092062434806593707e+00 0.000000000000000000e+00
5.142793132813238799e+00 0.000000000000000000e+00
5.194029245620505719e+00 0.000000000000000000e+00
5.245775808525181994e+00 0.000000000000000000e+00
5.298037906989213397e+00 0.000000000000000000e+00
5.350820677139484616e+00 0.000000000000000000e+00
5.404129306272580813e+00 0.000000000000000000e+00
5.457969033364573619e+00 0.000000000000000000e+00
5.512345149585890169e+00 0.000000000000000000e+00
5.567262998821306930e+00 0.000000000000000000e+00
5.622727978195131371e+00 0.000000000000000000e+00
5.678745538601607912e+00 0.000000000000000000e+00
5.735321185240615627e+00 0.000000000000000000e+00
5.792460478158694137e+00 0.000000000000000000e+00
5.850169032795466961e+00 0.000000000000000000e+00
5.908452520535508512e+00 0.000000000000000000e+00
5.967316669265702700e+00 0.000000000000000000e+00
6.026767263938160646e+00 0.000000000000000000e+00
6.086810147138746352e+00 0.000000000000000000e+00
6.147451219661260957e+00 0.000000000000000000e+00
6.208696441087353968e+00 0.000000000000000000e+00
6.270551830372206759e+00 0.000000000000000000e+00
6.333023466436054072e+00 0.000000000000000000e+00
6.396117488761601244e+00 0.000000000000000000e+00
6.459840097997383346e+00 0.000000000000000000e+00
6.524197556567148837e+00 0.000000000000000000e+00
6.589196189285302374e+00 0.000000000000000000e+00
6.654842383978487597e+00 0.000000000000000000e+00
6.721142592113358738e+00 0.000000000000000000e+00
6.788103329430605903e+00 0.000000000000000000e+00
6.855731176585297071e+00 0.000000000000000000e+00
6.924032779793605208e+00 0.000000000000000000e+00
6.993014851485969352e+00 0.000000000000000000e+00
7.062684170966768704e+00 0.000000000000000000e+00
7.133047585080571018e+00 0.000000000000000000e+00
7.204112008885015683e+00 0.000000000000000000e+00
7.275884426330379462e+00 0.000000000000000000e+00
7.348371890945969653e+00 0.000000000000000000e+00
7.421581526533294948e+00 0.000000000000000000e+00
7.495520527866172067e+00 0.000000000000000000e+00
7.570196161397800161e+00 0.000000000000000000e+00
7.645615765974884681e+00 0.000000000000000000e+00
7.721786753558867566e+00 0.000000000000000000e+00
7.798716609954350787e+00 0.000000000000000000e+00
7.876412895544774528e+00 0.000000000000000000e+00
7.954883246035421074e+00 0.000000000000000000e+00
8.034135373203826092e+00 0.000000000000000000e+00
8.114177065657658616e+00 0.000000000000000000e+00
8.195016189600167422e+00 0.000000000000000000e+00
8.276660689603232868e+00 0.000000000000000000e+00
8.359118589388133458e+00 0.000000000000000000e+00
8.442397992614084856e+00 0.000000000000000000e+00
8.526507083674646381e+00 0.000000000000000000e+00
8.611454128502044725e+00 0.000000000000000000e+00
8.697247475379517923e+00 0.000000000000000000e+00
8.783895555761763063e+00 0.000000000000000000e+00
8.871406885103542805e+00 0.000000000000000000e+00
8.959790063696551954e+00 0.000000000000000000e+00
9.049053777514624031e+00 0.000000000000000000e+00
9.139206799067357778e+00 0.000000000000000000e+00
9.230257988262247082e+00 0.000000000000000000e+00
9.322216293275399579e+00 0.000000000000000000e+00
9.415090751430927440e+00 0.000000000000000000e+00
9.508890490089108027e+00 0.000000000000000000e+00
9.603624727543385475e+00 0.000000000000000000e+00
9.699302773926307353e+00 0.000000000000000000e+00
9.795934032124490543e+00 0.000000000000000000e+00
9.893527998702712267e+00 0.000000000000000000e+00
9.992094264837179551e+00 0.000000000000000000e+00
1.009164251725813521e+01 0.000000000000000000e+00
1.019218253920180395e+01 0.000000000000000000e+00
1.029372421137192184e+01 0.000000000000000000e+00
1.039627751291064861e+01 0.000000000000000000e+00
1.049985252237944700e+01 0.000000000000000000e+00
1.060445941874938924e+01 0.000000000000000000e+00
1.071010848240168656e+01 0.000000000000000000e+00
1.081681009613783395e+01 0.000000000000000000e+00
1.092457474620016100e+01 0.000000000000000000e+00
1.103341302330221652e+01 0.000000000000000000e+00
1.114333562366975272e+01 0.000000000000000000e+00
1.125435335009173698e+01 0.000000000000000000e+00
1.136647711298219043e+01 0.000000000000000000e+00
1.147971793145223884e+01 0.000000000000000000e+00
1.159408693439321603e+01 0.000000000000000000e+00
1.170959536157018377e+01 0.000000000000000000e+00
1.182625456472672454e+01 0.000000000000000000e+00
1.194407600870035679e+01 0.000000000000000000e+00
1.206307127254944689e+01 0.000000000000000000e+00
1.218325205069097095e+01 0.000000000000000000e+00
1.230463015404998650e+01 0.000000000000000000e+00
1.242721751122016904e+01 0.000000000000000000e+00
1.255102616963631768e+01 0.000000000000000000e+00
1.267606829675812286e+01 0.000000000000000000e+00
1.280235618126614838e+01 0.000000000000000000e+00
1.292990223426930996e+01 0.000000000000000000e+00
1.305871899052480423e+01 0.000000000000000000e+00
1.318881910966975823e+01 0.000000000000000000e+00
1.332021537746560114e+01 0.000000000000000000e+00
1.345292070705437304e+01 0.000000000000000000e+00
1.358694814022800124e+01 0.000000000000000000e+00
1.372231084870978890e+01 0.000000000000000000e+00
1.385902213544909323e+01 0.000000000000000000e+00
1.399709543592847183e+01 0.000000000000000000e+00
1.413654431948429924e+01 0.000000000000000000e+00
1.427738249064008613e+01 0.000000000000000000e+00
1.441962379045352982e+01 0.000000000000000000e+00
1.456328219787654277e+01 0.000000000000000000e+00
1.470837183112927526e+01 0.000000000000000000e+00
1.485490694908737375e+01 0.000000000000000000e+00
1.500290195268352811e+01 0.000000000000000000e+00
1.515237138632249803e+01 0.000000000000000000e+00
1.530332993931073027e+01 0.000000000000000000e+00
1.545579244729972324e+01 0.000000000000000000e+00
1.560977389374426494e+01 0.000000000000000000e+00
1.576528941137470596e+01 0.000000000000000000e+00
1.592235428368440076e+01 0.000000000000000000e+00
1.608098394643145568e+01 0.000000000000000000e+00
1.624119398915596335e+01 0.000000000000000000e+00
1.640300015671180489e+01 0.000000000000000000e+00
1.656641835081428837e+01 0.000000000000000000e+00
1.673146463160262343e+01 0.000000000000000000e+00
1.689815521921852692e+01 0.000000000000000000e+00
1.706650649540001297e+01 0.000000000000000000e+00
1.723653500509159997e+01 0.000000000000000000e+00
1.740825745807000757e+01 0.000000000000000000e+00
1.758169073058661169e+01 0.000000000000000000e+00
1.775685186702570206e+01 0.000000000000000000e+00
1.793375808157982831e+01 0.000000000000000000e+00
1.811242675994125761e+01 0.000000000000000000e+00
1.829287546101085837e+01 0.000000000000000000e+00
1.847512191862344366e+01 0.000000000000000000e+00
1.865918404329087821e+01 0.000000000000000000e+00
1.884507992396195775e+01 0.000000000000000000e+00
1.903282782980043564e+01 0.000000000000000000e+00
1.922244621198012027e+01 0.000000000000000000e+00
1.941395370549852828e+01 0.000000000000000000e+00
1.960736913100792478e+01 0.000000000000000000e+00
1.980271149666528174e+01 0.000000000000000000e+00
2.000000000000000355e+01 0.000000000000000000e+00
