# Saclay seismic solar model 
#  Longitudinal plasmon->axion flux for g_ag = 1e-10 GeV^{-1} 
#  B = Seismic model with maximum 5e7 Gauss 
#  omega [keV] 	 Flux [keV^{-1} s^{-1} cm^{-2}] 
1.000000000000000021e-03 1.992105806893306408e+03
1.009962701490044103e-03 2.053829709663944868e+03
1.020024658401067841e-03 2.117167055731616074e+03
1.030186859585202055e-03 2.226168570704130161e+03
1.040450303746215301e-03 2.292016229712090990e+03
1.050815999537664525e-03 2.361107022592350404e+03
1.061284965662020628e-03 2.482982014781537146e+03
1.071858230970783050e-03 2.556914411380806996e+03
1.082536834565591809e-03 2.689826080699049726e+03
1.093321825900345906e-03 2.772398815829819796e+03
1.104214264884341087e-03 2.856348413866712235e+03
1.115215221986432187e-03 3.004709011864592867e+03
1.126325778340236299e-03 3.095772264313958203e+03
1.137547025850381768e-03 3.188802819622132120e+03
1.148880067299816454e-03 3.353240877509550046e+03
1.160326016458186312e-03 3.454349007908567728e+03
1.171885998191291240e-03 3.559072920118354887e+03
1.183561148571633586e-03 3.740097844964333490e+03
1.195352614990066471e-03 3.852526666342158478e+03
1.207261556268556012e-03 4.051146376540612891e+03
1.219289142774065710e-03 4.171690455254473818e+03
1.231436556533575550e-03 4.295318381015911655e+03
1.243704991350247325e-03 4.515569659964175116e+03
1.256095652920747674e-03 4.650265343758309427e+03
1.268609758953739234e-03 4.883377893308225794e+03
1.281248539289552056e-03 5.026578013981356889e+03
1.294013236021048950e-03 5.175611990853973111e+03
1.306905103615692764e-03 5.428472652120259227e+03
1.319925409038831023e-03 5.586501454434446714e+03
1.333075431878209165e-03 5.857483991951389726e+03
1.346356464469723475e-03 6.025380489958306498e+03
1.359769812024426471e-03 6.198344463014856956e+03
1.373316792756799302e-03 6.496794357546670653e+03
1.386998738014300027e-03 6.683250211191298149e+03
1.400816992408204266e-03 6.995883618954470876e+03
1.414772913945748630e-03 7.191489687333807524e+03
1.428867874163589936e-03 7.392334528800490261e+03
1.443103258262595605e-03 7.727105088211271323e+03
1.457480465243975870e-03 7.939022132485177281e+03
1.472000908046772324e-03 8.300167680216925874e+03
1.486666013686716243e-03 8.528180522832835777e+03
1.501477223396470786e-03 8.923003451087124631e+03
1.516435992767270089e-03 9.167977354284981629e+03
1.531543791891969110e-03 9.416195730722332883e+03
1.546802105509518990e-03 9.831099839243663155e+03
1.562212433150882021e-03 1.009062186026097879e+04
1.577776289286399658e-03 1.052679069328685182e+04
1.593495203474629618e-03 1.080449957111856384e+04
1.609370720512664447e-03 1.126567400810519393e+04
1.625404400587949312e-03 1.155427145037657101e+04
1.641597819431610955e-03 1.203885591857214786e+04
1.657952568473315593e-03 1.233989310349588595e+04
1.674470254997667031e-03 1.264621296198198252e+04
1.691152502302166894e-03 1.315350474150828086e+04
1.708000949856744357e-03 1.347496660289256215e+04
1.725017253464878990e-03 1.400140309099464139e+04
1.742203085426325196e-03 1.433120354381859579e+04
1.759560134701461647e-03 1.486342123317881124e+04
1.777090107077273964e-03 1.520421936312160688e+04
1.794794725334995355e-03 1.575445573286264880e+04
1.812675729419413679e-03 1.610811545380030293e+04
1.830734876609867254e-03 1.666241981637089702e+04
1.848973941692944175e-03 1.701761461450059141e+04
1.867394717136901163e-03 1.757176306818178273e+04
1.885999013267821269e-03 1.793587356845674731e+04
1.904788658447526461e-03 1.850401963042942225e+04
1.923765499253260718e-03 1.887044250575727347e+04
1.942931400659166606e-03 1.941750775291490208e+04
1.962288246219567271e-03 1.978461839282718211e+04
1.981837938254074876e-03 2.034145252199963215e+04
2.001582398034544574e-03 2.071478362438259865e+04
2.021523565973889613e-03 2.125343485796605091e+04
2.041663401816776885e-03 2.161807350697958100e+04
2.062003884832225471e-03 2.214078170373471585e+04
2.082547014008119882e-03 2.249969168238381462e+04
2.103294808247665754e-03 2.298343187415421562e+04
2.124249306567796685e-03 2.332636511619074372e+04
2.145412568299564712e-03 2.377388137421409556e+04
2.166786673290522266e-03 2.410994490574217343e+04
2.188373722109121598e-03 2.450790810380686526e+04
2.210175836251151212e-03 2.481134548659512075e+04
2.232195158348230114e-03 2.513852353188245979e+04
2.254433852378375045e-03 2.541061949648941663e+04
2.276894103878671083e-03 2.566826666814919008e+04
2.299578120160055989e-03 2.589836015705166938e+04
2.322488130524247383e-03 2.607848129346039059e+04
2.345626386482830943e-03 2.626679221375997440e+04
2.368995161978530023e-03 2.632952345338968371e+04
2.392596753608680973e-03 2.645974779368922464e+04
2.416433480850932805e-03 2.641198763818849329e+04
2.440507686291198963e-03 2.648220774780616921e+04
2.464821735853876383e-03 2.631966945690404827e+04
2.489378019034360883e-03 2.633027190133497788e+04
2.514178949133877555e-03 2.602730575746161048e+04
2.539226963496650849e-03 2.595432019414017850e+04
2.564524523749439101e-03 2.548202434200973585e+04
2.590074116043452560e-03 2.532800547215462939e+04
2.615878251298683118e-03 2.469033255401282804e+04
2.641939465450670460e-03 2.444918038521185736e+04
2.668260319699722414e-03 2.365024689619771380e+04
2.694843400762620290e-03 2.331852611862750928e+04
2.721691321126833499e-03 2.233988007799366824e+04
2.748806719307263832e-03 2.191512327833346717e+04
2.776192260105549755e-03 2.076312423193661016e+04
2.803850634871951977e-03 2.023982598836338366e+04
2.831784561769851941e-03 1.891551636841295112e+04
2.859996786042880157e-03 1.829220926752625746e+04
2.888490080284711239e-03 1.678209809805318582e+04
2.917267244711541259e-03 1.606877319790784532e+04
2.946331107437285581e-03 1.442248695230545491e+04
2.975684524751514518e-03 1.363730214652126233e+04
3.005330381400157617e-03 1.189351853159453822e+04
3.035271590869007777e-03 1.011596849173118062e+04
3.065511095670049938e-03 9.269243618112892364e+03
3.096051867630625603e-03 7.494905511176997607e+03
3.126896908185526451e-03 6.657798515039584345e+03
3.158049248671917272e-03 4.974300889577223643e+03
3.189511950627296841e-03 4.197231503861849887e+03
3.221288106090321526e-03 2.728760441552728025e+03
3.253380837904732304e-03 2.087658901229757248e+03
3.285793300026203494e-03 9.952640769846534567e+02
3.318528677832354758e-03 5.817467988441278521e+02
3.351590188435745951e-03 6.792338624586012941e+01
3.384981081000095100e-03 0.000000000000000000e+00
3.418704637059542546e-03 0.000000000000000000e+00
3.452764170841199787e-03 0.000000000000000000e+00
3.487163029590806956e-03 0.000000000000000000e+00
3.521904593901741334e-03 0.000000000000000000e+00
3.556992278047195651e-03 0.000000000000000000e+00
3.592429530315775516e-03 0.000000000000000000e+00
3.628219833350327349e-03 0.000000000000000000e+00
3.664366704490257861e-03 0.000000000000000000e+00
3.700873696117147355e-03 0.000000000000000000e+00
3.737744396003922238e-03 0.000000000000000000e+00
3.774982427667390728e-03 0.000000000000000000e+00
3.812591450724407173e-03 0.000000000000000000e+00
3.850575161251464616e-03 0.000000000000000000e+00
3.888937292147995328e-03 0.000000000000000000e+00
3.927681613503162042e-03 0.000000000000000000e+00
3.966811932966433051e-03 0.000000000000000000e+00
4.006332096121718693e-03 0.000000000000000000e+00
4.046245986865365865e-03 0.000000000000000000e+00
4.086557527787790245e-03 0.000000000000000000e+00
4.127270680559036800e-03 0.000000000000000000e+00
4.168389446318053471e-03 0.000000000000000000e+00
4.209917866065974665e-03 0.000000000000000000e+00
4.251860021063189055e-03 0.000000000000000000e+00
4.294220033230498716e-03 0.000000000000000000e+00
4.337002065554137163e-03 0.000000000000000000e+00
4.380210322494961991e-03 0.000000000000000000e+00
4.423849050401584479e-03 0.000000000000000000e+00
4.467922537927755330e-03 0.000000000000000000e+00
4.512435116453764571e-03 0.000000000000000000e+00
4.557391160512191258e-03 0.000000000000000000e+00
4.602795088217735003e-03 0.000000000000000000e+00
4.648651361701493581e-03 0.000000000000000000e+00
4.694964487549408219e-03 0.000000000000000000e+00
4.741739017245226104e-03 0.000000000000000000e+00
4.788979547617730308e-03 0.000000000000000000e+00
4.836690721292577141e-03 0.000000000000000000e+00
4.884877227148475519e-03 0.000000000000000000e+00
4.933543800778075229e-03 0.000000000000000000e+00
4.982695224953284825e-03 0.000000000000000000e+00
5.032336330095362603e-03 0.000000000000000000e+00
5.082471994749607203e-03 0.000000000000000000e+00
5.133107146064806552e-03 0.000000000000000000e+00
5.184246760277462507e-03 0.000000000000000000e+00
5.235895863200834555e-03 0.000000000000000000e+00
5.288059530718861555e-03 0.000000000000000000e+00
5.340742889284996221e-03 0.000000000000000000e+00
5.393951116426018259e-03 0.000000000000000000e+00
5.447689441250860853e-03 0.000000000000000000e+00
5.501963144964508619e-03 0.000000000000000000e+00
5.556777561387013856e-03 0.000000000000000000e+00
5.612138077477688350e-03 0.000000000000000000e+00
5.668050133864508018e-03 0.000000000000000000e+00
5.724519225378804990e-03 0.000000000000000000e+00
5.781550901595272282e-03 0.000000000000000000e+00
5.839150767377361724e-03 0.000000000000000000e+00
5.897324483428103767e-03 0.000000000000000000e+00
5.956077766846426362e-03 0.000000000000000000e+00
6.015416391689005875e-03 0.000000000000000000e+00
6.075346189537722021e-03 0.000000000000000000e+00
6.135873050072762798e-03 0.000000000000000000e+00
6.197002921651444465e-03 0.000000000000000000e+00
6.258741811892789067e-03 0.000000000000000000e+00
6.321095788267934966e-03 0.000000000000000000e+00
6.384070978696422885e-03 0.000000000000000000e+00
6.447673572148429448e-03 0.000000000000000000e+00
6.511909819252990721e-03 0.000000000000000000e+00
6.576786032912294681e-03 0.000000000000000000e+00
6.642308588922091195e-03 0.000000000000000000e+00
6.708483926598278468e-03 0.000000000000000000e+00
6.775318549409736248e-03 0.000000000000000000e+00
6.842819025617463864e-03 0.000000000000000000e+00
6.910991988920084719e-03 0.000000000000000000e+00
6.979844139105782254e-03 0.000000000000000000e+00
7.049382242710726387e-03 0.000000000000000000e+00
7.119613133684071088e-03 0.000000000000000000e+00
7.190543714059562976e-03 0.000000000000000000e+00
7.262180954633852027e-03 0.000000000000000000e+00
7.334531895651552093e-03 0.000000000000000000e+00
7.407603647497136221e-03 0.000000000000000000e+00
7.481403391393711896e-03 0.000000000000000000e+00
7.555938380108770738e-03 0.000000000000000000e+00
7.631215938666962087e-03 0.000000000000000000e+00
7.707243465069967686e-03 0.000000000000000000e+00
7.784028431023552914e-03 0.000000000000000000e+00
7.861578382671857018e-03 0.000000000000000000e+00
7.939900941338999540e-03 0.000000000000000000e+00
8.019003804278080141e-03 0.000000000000000000e+00
8.098894745427631658e-03 0.000000000000000000e+00
8.179581616175614009e-03 0.000000000000000000e+00
8.261072346131024396e-03 0.000000000000000000e+00
8.343374943903185403e-03 0.000000000000000000e+00
8.426497497888806379e-03 0.000000000000000000e+00
8.510448177066875369e-03 0.000000000000000000e+00
8.595235231801483938e-03 0.000000000000000000e+00
8.680866994652631716e-03 0.000000000000000000e+00
8.767351881195132104e-03 0.000000000000000000e+00
8.854698390845655576e-03 0.000000000000000000e+00
8.942915107698025043e-03 0.000000000000000000e+00
9.032010701366825767e-03 0.000000000000000000e+00
9.121993927839426933e-03 0.000000000000000000e+00
9.212873630336486028e-03 0.000000000000000000e+00
9.304658740181027954e-03 0.000000000000000000e+00
9.397358277676180413e-03 0.000000000000000000e+00
9.490981352991664441e-03 0.000000000000000000e+00
9.585537167059093866e-03 0.000000000000000000e+00
9.681035012476227677e-03 0.000000000000000000e+00
9.777484274420192648e-03 0.000000000000000000e+00
9.874894431569842743e-03 0.000000000000000000e+00
9.973275057037270935e-03 0.000000000000000000e+00
1.007263581930863648e-02 0.000000000000000000e+00
1.017298648319433368e-02 0.000000000000000000e+00
1.027433691078865306e-02 0.000000000000000000e+00
1.037669706243898177e-02 0.000000000000000000e+00
1.048007699772467854e-02 0.000000000000000000e+00
1.058448687644568745e-02 0.000000000000000000e+00
1.068993695962100476e-02 0.000000000000000000e+00
1.079643761049709980e-02 0.000000000000000000e+00
1.090399929556636581e-02 5.891301360464330763e+06
1.101263258559574514e-02 1.732601334586621821e+07
1.112234815666556832e-02 5.212355186788878590e+07
1.123315679121877041e-02 9.457758068117110431e+07
1.134506937912054328e-02 1.359511176699776947e+08
1.145809691872856119e-02 1.690994600886757970e+08
1.157225051797384878e-02 1.817405581804128289e+08
1.168754139545243043e-02 1.889592043593209684e+08
1.180398088152785629e-02 1.790964517501535714e+08
1.192158041944470573e-02 1.523642417603976429e+08
1.204035156645318939e-02 1.353254422232267857e+08
1.216030599494494734e-02 9.411276377952063084e+07
1.228145549360017651e-02 5.139444654307902604e+07
1.240381196854617799e-02 3.244321398670586199e+07
1.252738744452744010e-02 5.172108549415785819e+06
1.265219406608739279e-02 1.176101046112996992e+05
1.277824409876192856e-02 2.691765392856299862e-05
1.290554993028481152e-02 1.955947716751228879e-04
1.303412407180509769e-02 4.843694134148507032e-04
1.316397915911669131e-02 2.536621048737561918e-03
1.329512795390013283e-02 5.469069155868149998e-03
1.342758334497677966e-02 2.256348705711188479e-02
1.356135834957547179e-02 4.386240319312605801e-02
1.369646611461180878e-02 1.508257564505638415e-01
1.383291991798019094e-02 2.704857447334498288e-01
1.397073316985871297e-02 8.057944667727217070e-01
1.410991941402707332e-02 1.356085055307194587e+00
1.425049232919760323e-02 3.605237395487138841e+00
1.439246573035956114e-02 5.761313195117895525e+00
1.453585357013682279e-02 1.392512191099375407e+01
1.468066994015908809e-02 2.129979894170756438e+01
1.482692907244675777e-02 4.750625874066346910e+01
1.497464534080960100e-02 7.003289517837457367e+01
1.512383326225936672e-02 1.459259560578584001e+02
1.527450749843645671e-02 2.084599422100877746e+02
1.542668285705081806e-02 4.096628868805167372e+02
1.558037429333719755e-02 5.694687489066840271e+02
1.573559691152487047e-02 1.063501508964199729e+03
1.589236596632205567e-02 1.926602245676767552e+03
1.605069686441505661e-02 2.577985451278356777e+03
1.621060516598241130e-02 4.481838472955464567e+03
1.637210658622405973e-02 5.881898750295372338e+03
1.653521699690579591e-02 9.858118048057023771e+03
1.669995242791907225e-02 1.271587125526859563e+04
1.686632906885636787e-02 2.062437210501248774e+04
1.703436327060223535e-02 2.619255485530673832e+04
1.720407154694021667e-02 4.124997808643709141e+04
1.737547057617574303e-02 5.165903023235925502e+04
1.754857720277522987e-02 7.920836518059074297e+04
1.772340843902147148e-02 9.794010948036362242e+04
1.789998146668557097e-02 1.465787353040475573e+05
1.807831363871548191e-02 1.791580120628597215e+05
1.825842248094139419e-02 2.622490022827836219e+05
1.844032569379812359e-02 3.171575534972238820e+05
1.862404115406462654e-02 4.549241508300292189e+05
1.880958691662086915e-02 6.444054784843543312e+05
1.899698121622220293e-02 7.671162114099346800e+05
1.918624246929139660e-02 1.067554041145584779e+06
1.937738927572855638e-02 1.260117991623417707e+06
1.957044042073902146e-02 1.725193389376101084e+06
1.976541487667953650e-02 2.020467401611031499e+06
1.996233180492277062e-02 2.724820468803084455e+06
2.016121055774042908e-02 3.640160016635914333e+06
2.036207068020512434e-02 4.213008302677750587e+06
2.056493191211118676e-02 5.553506634464930743e+06
2.076981418991463366e-02 6.385893909675779752e+06
2.097673764869243535e-02 8.313300298762412742e+06
2.118572262412132465e-02 9.501878142834007740e+06
2.139678965447631975e-02 1.222629762939538993e+07
2.160995948264913397e-02 1.561542229221718386e+07
2.182525305818671518e-02 1.768561742811479419e+07
2.204269153935009898e-02 2.235267695659180731e+07
2.226229629519376613e-02 2.518688679074471071e+07
2.248408890766569537e-02 3.152184821215124428e+07
2.270809117372838207e-02 3.920593436641265452e+07
2.293432510750094064e-02 4.383377377003662288e+07
2.316281294242259620e-02 5.403511804595180601e+07
2.339357713343768325e-02 6.623759565634043515e+07
2.362664035920244640e-02 7.353287700892806053e+07
2.386202552431380616e-02 8.940449865005956590e+07
2.409975576156037080e-02 1.081504105597092360e+08
2.433985443419576719e-02 1.192926463588159382e+08
2.458234513823478670e-02 1.432437641908448935e+08
2.482725170477225601e-02 1.711975862132624090e+08
2.507459820232509073e-02 1.877331368834321499e+08
2.532440893919765332e-02 2.228582903401170969e+08
2.557670846587068239e-02 2.634262222528879344e+08
2.583152157741403637e-02 2.873111538641377091e+08
2.608887331592344566e-02 3.375269188939294219e+08
2.634878897298156830e-02 3.949276596578910947e+08
2.661129409214355035e-02 4.286318328941708207e+08
2.687641447144735116e-02 4.987538809868180156e+08
2.714417616594907989e-02 5.782555464732410908e+08
2.741460549028360005e-02 6.680438881051213741e+08
2.768772902125062052e-02 7.205424158295788765e+08
2.796357360042657156e-02 8.282179915849599838e+08
2.824216633680249819e-02 9.489563822457336187e+08
2.852353460944823463e-02 1.083860392964591265e+09
2.880770607020310958e-02 1.162467734962529898e+09
2.909470864639347384e-02 1.321770784304901838e+09
2.938457054357729650e-02 1.498421161391751528e+09
2.967732024831610041e-02 1.693984498828339577e+09
2.997298653097451790e-02 1.807716254981733084e+09
3.027159844854772699e-02 2.035312057984329939e+09
3.057318534751709074e-02 2.285610490857165337e+09
3.087777686673419397e-02 2.559912140398672581e+09
3.118540294033365565e-02 2.860143881073614597e+09
3.149609380067494580e-02 3.034807031726835728e+09
3.180987998131349498e-02 3.378596631730756760e+09
3.212679232000145019e-02 3.752482787848750114e+09
3.244686196171826797e-02 4.158662590157096863e+09
3.277012036173153342e-02 4.598521673225124359e+09
3.309659928868827899e-02 5.074198748505357742e+09
3.342633082773709130e-02 5.351243695025809288e+09
3.375934738368129018e-02 5.886793951879640579e+09
3.409568168416361039e-02 6.462472841295937538e+09
3.443536678288249692e-02 7.081487094106245995e+09
3.477843606284053424e-02 7.744447128972770691e+09
3.512492323962520396e-02 8.454385507126214981e+09
3.547486236472229687e-02 9.212990380184505463e+09
3.582828782886243041e-02 1.002300973829053879e+10
3.618523436540076188e-02 1.088534209661224174e+10
3.654573705373053566e-02 1.180248437187835693e+10
3.690983132273049916e-02 1.277662432362068367e+10
3.727755295424674264e-02 1.380893542583272934e+10
3.764893808660921271e-02 1.490211661774973488e+10
3.802402321818325326e-02 1.605760055908123589e+10
3.840284521095652104e-02 1.673846652787502480e+10
3.878544129416165026e-02 1.799690721850372314e+10
3.917184906793501342e-02 1.932347344872067642e+10
3.956210650701191128e-02 2.134266983630668640e+10
3.995625196445860144e-02 2.283814720734724426e+10
4.035432417544149164e-02 2.440658890651777649e+10
4.075636226103388632e-02 2.605068985788480759e+10
4.116240573206066122e-02 2.777104797116350937e+10
4.157249449298126148e-02 2.956742495187853241e+10
4.198666884581134240e-02 3.144564550510992050e+10
4.240496949408349009e-02 3.340257190594532776e+10
4.282743754684747300e-02 3.544242646804538727e+10
4.325411452271021862e-02 3.756577986837140656e+10
4.368504235391616058e-02 3.977186490313123322e+10
4.412026339046816459e-02 4.206601035522694397e+10
4.455982040428951851e-02 4.444309673883688354e+10
4.500375659342743112e-02 4.795148765947164917e+10
4.545211558629835141e-02 5.053433930396385956e+10
4.590494144597562221e-02 5.321205108093018341e+10
4.636227867451983564e-02 5.597706114310968018e+10
4.682417221735231394e-02 5.882827641986742401e+10
4.729066746767220802e-02 6.298677377907223511e+10
4.776181027091756792e-02 6.606056594749855042e+10
4.823764692927084291e-02 6.922556347827639771e+10
4.871822420620931099e-02 7.248104657636006165e+10
4.920358933110081240e-02 7.717288629673577881e+10
4.969379000384528677e-02 8.064323088661495972e+10
5.018887439956253721e-02 8.420170172167779541e+10
5.068889117332669308e-02 8.784994593189906311e+10
5.119388946494787818e-02 9.305950309361479187e+10
5.170391890380147265e-02 9.692335227535314941e+10
5.221902961370548935e-02 1.008663667276462555e+11
5.273927221784661251e-02 1.064671892270863342e+11
5.326469784375519739e-02 1.106135371390313416e+11
5.379535812832992453e-02 1.148593118809682159e+11
5.433130522291249043e-02 1.208044838276042023e+11
5.487259179841284112e-02 1.252421438010545654e+11
5.541927105048547603e-02 1.314356450934579468e+11
5.597139670475730078e-02 1.360434066246701660e+11
5.652902302210763980e-02 1.407563440201085815e+11
5.709220480400072767e-02 1.472726623425952454e+11
5.766099739787144962e-02 1.521347413478424988e+11
5.823545670256465023e-02 1.588529836764500732e+11
5.881563917382869044e-02 1.638887127227263184e+11
5.940160182986368997e-02 1.707894684470368042e+11
5.999340225692507966e-02 1.759891186036244812e+11
6.059109861498296334e-02 1.830466183429825745e+11
6.119474964343786516e-02 1.901982551340512085e+11
6.180441466689341745e-02 1.956103906279942932e+11
6.242015360098657900e-02 2.028934238386076965e+11
6.304202695827590408e-02 2.084232783014322815e+11
6.367009585418852147e-02 2.158579288444056396e+11
6.430442201302630223e-02 2.233236606161343994e+11
6.494506777403190323e-02 2.290574138765676880e+11
6.559209609751526227e-02 2.366324554241866150e+11
6.624557057104109303e-02 2.442350342328442383e+11
6.690555541567802522e-02 2.501090062984549866e+11
6.757211549231002812e-02 2.577932040160003662e+11
6.824531630801070059e-02 2.654929874959892273e+11
6.892522402248105196e-02 2.732055312397995605e+11
6.961190545455143985e-02 2.809203697439809570e+11
7.030542808874831739e-02 2.869678283661770020e+11
7.100586008192627530e-02 2.946939368636243896e+11
7.171327026996635046e-02 3.024284043549776001e+11
7.242772817454087853e-02 3.101111399268267212e+11
7.314930400994588966e-02 3.178109647800757446e+11
7.387806869000146381e-02 3.254452087097805176e+11
7.461409383502091985e-02 3.330731347679414062e+11
7.535745177884936585e-02 3.406442665124274902e+11
7.610821557597244325e-02 3.481650676654046631e+11
7.686645900869577830e-02 3.542326071118534546e+11
7.763225659439612625e-02 3.630622585846152954e+11
7.840568359284459665e-02 3.703981809618796387e+11
7.918681601360295919e-02 3.776944696022020264e+11
7.997573062349352946e-02 3.849154337262402954e+11
8.077250495414357856e-02 3.920770669054688110e+11
8.157721730960482143e-02 3.990919416970693359e+11
8.238994677404887224e-02 4.060881846143253174e+11
8.321077321953933292e-02 4.129924276235149536e+11
8.403977731388136141e-02 4.197766472428493042e+11
8.487704052854938563e-02 4.274103628134003906e+11
8.572264514669369895e-02 4.339517221574594727e+11
8.657667427122718584e-02 4.404652589515185547e+11
8.743921183299220579e-02 4.467802778379606323e+11
8.831034259900903682e-02 4.537030114705933838e+11
8.919015218080648955e-02 4.597749722029067993e+11
9.007872704283546861e-02 4.657203704883341064e+11
9.097615451096641159e-02 4.720131159120021362e+11
9.188252278107129911e-02 4.776366421904492188e+11
9.279792092769129086e-02 4.834727495834407959e+11
9.372243891279058436e-02 4.887517131171332397e+11
9.465616759459762053e-02 4.941102398291555176e+11
9.559919873653417721e-02 4.990934757495684204e+11
9.655162501623366922e-02 5.039151242618925171e+11
9.751354003464908493e-02 5.085382866760553589e+11
9.848503832525175306e-02 5.129151220371101074e+11
9.946621536332178604e-02 5.171303994195070801e+11
1.004571675753310050e-01 5.209218724243896484e+11
1.014579923484193597e-01 5.244976282378371582e+11
1.024687880399658413e-01 5.277735850426348267e+11
1.034896539872546262e-01 5.312174253230036011e+11
1.045206905172375994e-01 5.339932997389793701e+11
1.055619989563941208e-01 5.365483971434447632e+11
1.066136816406890175e-01 5.388225063482160034e+11
1.076758419256298033e-01 5.408299998901241455e+11
1.087485841964240252e-01 5.433985242037219849e+11
1.098320138782379191e-01 5.450224617295205688e+11
1.109262374465571910e-01 5.463389345110180054e+11
1.120313624376509942e-01 5.474986268131058350e+11
1.131474974591402394e-01 5.484373679830675049e+11
1.142747522006711813e-01 5.492002870960773926e+11
1.154132374446952269e-01 5.496627269433257446e+11
1.165630650773563093e-01 5.487020799192312622e+11
1.177243480994865921e-01 5.485487168125840454e+11
1.188972006377118223e-01 5.483462855105699463e+11
1.200817379556672199e-01 5.478404729647301636e+11
1.212780764653252352e-01 5.470970806522612305e+11
1.224863337384360096e-01 5.446202885766229858e+11
1.237066285180819653e-01 5.432833940851528931e+11
1.249390807303474016e-01 5.418507944743264160e+11
1.261838114961043589e-01 5.384760288724983521e+11
1.274409431429160411e-01 5.365495472215528564e+11
1.287105992170586022e-01 5.325682176135554199e+11
1.299929044956628643e-01 5.301759179960098877e+11
1.312879849989769809e-01 5.256769650585591431e+11
1.325959680027511689e-01 5.228460206075473022e+11
1.339169820507460085e-01 5.178036770090808105e+11
1.352511569673651992e-01 5.125366303897361450e+11
1.365986238704141598e-01 5.069495650326231079e+11
1.379595151839858869e-01 5.032351371556000977e+11
1.393339646514751562e-01 4.972925006206512451e+11
1.407221073487221474e-01 4.910649832157255249e+11
1.421240796972874088e-01 4.845679377816564941e+11
1.435400194778587157e-01 4.778565796497514038e+11
1.449700658437917400e-01 4.710023109125000000e+11
1.464143593347854988e-01 4.639564553172854614e+11
1.478730418906940014e-01 4.566935516321875000e+11
1.493462568654757849e-01 4.493357903974915771e+11
1.508341490412819508e-01 4.417481398352474976e+11
1.523368646426850881e-01 4.341062938892834473e+11
1.538545513510493901e-01 4.239654089180912476e+11
1.553873583190445717e-01 4.160102656637090454e+11
1.569354361853037283e-01 4.079135903621439209e+11
1.584989370892277705e-01 3.973408103978541870e+11
1.600780146859370201e-01 3.890694090168267822e+11
1.616728241613719086e-01 3.783785618755577393e+11
1.632835222475440551e-01 3.699338152536212158e+11
1.649102672379393064e-01 3.590346261580212402e+11
1.665532190030742932e-01 3.481714036414815674e+11
1.682125390062078618e-01 3.395792237864022827e+11
1.698883903192091316e-01 3.286113505401629028e+11
1.715809376385835083e-01 3.177215858627677612e+11
1.732903473016585705e-01 3.068379272583138428e+11
1.750167873029310761e-01 2.959583432950631104e+11
1.767604273105767287e-01 2.851805627778626709e+11
1.785214386831246447e-01 2.744227963492485352e+11
1.802999944862978265e-01 2.637962140206588440e+11
1.820962695100213913e-01 2.532072388595384521e+11
1.839104402856003573e-01 2.427917701132464600e+11
1.857426851030683779e-01 2.324490454983607788e+11
1.875931840287095032e-01 2.202262230096837463e+11
1.894621189227544411e-01 2.101563011066159058e+11
1.913496734572530944e-01 2.002819047983372803e+11
1.932560331341251214e-01 1.886845135732892761e+11
1.951813853033904644e-01 1.792054340149956055e+11
1.971259191815814271e-01 1.681419212277581177e+11
1.990898258703381052e-01 1.591015519346060791e+11
2.010732983751891412e-01 1.486032046704174194e+11
2.030765316245197183e-01 1.400473071781264038e+11
2.050997224887282921e-01 1.301686328668325806e+11
2.071430697995743919e-01 1.206362861708165588e+11
2.092067743697189064e-01 1.129082914679198303e+11
2.112910390124594362e-01 1.040616252279734344e+11
2.133960685616618225e-01 9.561855901396130371e+10
2.155220698918906552e-01 8.755817100326898193e+10
2.176692519387399827e-01 7.990683128513046265e+10
2.198378257193668583e-01 7.264848625937304688e+10
2.220280043532292524e-01 6.577698890276948547e+10
2.242400030830306867e-01 5.930712772491588593e+10
2.264740392958734805e-01 5.323553330028891754e+10
2.287303325446227720e-01 4.755596455379958344e+10
2.310091045694833700e-01 4.226100414538835144e+10
2.333105793197915168e-01 3.734799664851837921e+10
2.356349829760238657e-01 3.280778195067873383e+10
2.379825439720256175e-01 2.863065784363219452e+10
2.403534930174602013e-01 2.480860867376784515e+10
2.427480631204825545e-01 2.132997786820424271e+10
2.451664896106383051e-01 1.818352773559607697e+10
2.476090101619911055e-01 1.535421288180340767e+10
2.500758648164803088e-01 1.283090874542397881e+10
2.525672960075115436e-01 1.059465855963221741e+10
2.550835485837819605e-01 8.361200876338776588e+09
2.576248698333433729e-01 6.690590604536601067e+09
2.601915095079044282e-01 5.255823766851894379e+09
2.627837198473756408e-01 4.040099466233883858e+09
2.654017556046583959e-01 3.025433758442190647e+09
2.680458740706812559e-01 2.194976859420400143e+09
2.707163350996854012e-01 1.528922763357226372e+09
2.734134011347623128e-01 1.010591946915565610e+09
2.761373372336456411e-01 6.222177907046177387e+08
2.788884110947600914e-01 3.459063650252154469e+08
2.816668930835299345e-01 1.638354085990672708e+08
2.844730562589493084e-01 5.810289807121943682e+07
2.873071764004176964e-01 1.030207898065971583e+07
2.901695320348425255e-01 1.434732348981751420e+05
2.930604044640114370e-01 0.000000000000000000e+00
2.959800777922380055e-01 0.000000000000000000e+00
2.989288389542820723e-01 0.000000000000000000e+00
3.019069777435490765e-01 0.000000000000000000e+00
3.049147868405694406e-01 0.000000000000000000e+00
3.079525618417624511e-01 0.000000000000000000e+00
3.110206012884862981e-01 0.000000000000000000e+00
3.141192066963774954e-01 0.000000000000000000e+00
3.172486825849829550e-01 0.000000000000000000e+00
3.204093365076868816e-01 0.000000000000000000e+00
3.236014790819360942e-01 0.000000000000000000e+00
3.268254240197661642e-01 0.000000000000000000e+00
3.300814881586321969e-01 0.000000000000000000e+00
3.333699914925461472e-01 0.000000000000000000e+00
3.366912572035249407e-01 0.000000000000000000e+00
3.400456116933512907e-01 0.000000000000000000e+00
3.434333846156515935e-01 0.000000000000000000e+00
3.468549089082928472e-01 0.000000000000000000e+00
3.503105208261026449e-01 0.000000000000000000e+00
3.538005599739149631e-01 0.000000000000000000e+00
3.573253693399455200e-01 0.000000000000000000e+00
3.608852953294991450e-01 0.000000000000000000e+00
3.644806877990133809e-01 0.000000000000000000e+00
3.681119000904408689e-01 0.000000000000000000e+00
3.717792890659749050e-01 0.000000000000000000e+00
3.754832151431199971e-01 0.000000000000000000e+00
3.792240423301129204e-01 0.000000000000000000e+00
3.830021382616957126e-01 0.000000000000000000e+00
3.868178742352455513e-01 0.000000000000000000e+00
3.906716252472647311e-01 0.000000000000000000e+00
3.945637700302336293e-01 0.000000000000000000e+00
3.984946910898312655e-01 0.000000000000000000e+00
4.024647747425265654e-01 0.000000000000000000e+00
4.064744111535442128e-01 0.000000000000000000e+00
4.105239943752084231e-01 0.000000000000000000e+00
4.146139223856691314e-01 0.000000000000000000e+00
4.187445971280138735e-01 0.000000000000000000e+00
4.229164245497690766e-01 0.000000000000000000e+00
4.271298146427952025e-01 0.000000000000000000e+00
4.313851814835792386e-01 0.000000000000000000e+00
4.356829432739286467e-01 0.000000000000000000e+00
4.400235223820705976e-01 0.000000000000000000e+00
4.444073453841608790e-01 0.000000000000000000e+00
4.488348431062061938e-01 0.000000000000000000e+00
4.533064506664041260e-01 0.000000000000000000e+00
4.578226075179049337e-01 0.000000000000000000e+00
4.623837574919994475e-01 0.000000000000000000e+00
4.669903488417371795e-01 0.000000000000000000e+00
4.716428342859789735e-01 0.000000000000000000e+00
4.763416710538884713e-01 0.000000000000000000e+00
4.810873209298671682e-01 0.000000000000000000e+00
4.858802502989365002e-01 0.000000000000000000e+00
4.907209301925726797e-01 0.000000000000000000e+00
4.956098363349980551e-01 0.000000000000000000e+00
5.005474491899332135e-01 0.000000000000000000e+00
5.055342540078155977e-01 0.000000000000000000e+00
5.105707408734876385e-01 0.000000000000000000e+00
5.156574047543608375e-01 0.000000000000000000e+00
5.207947455490593569e-01 0.000000000000000000e+00
5.259832681365480544e-01 0.000000000000000000e+00
5.312234824257503485e-01 0.000000000000000000e+00
5.365159034056597998e-01 0.000000000000000000e+00
5.418610511959517373e-01 0.000000000000000000e+00
5.472594510980984817e-01 0.000000000000000000e+00
5.527116336469942715e-01 0.000000000000000000e+00
5.582181346630938901e-01 0.000000000000000000e+00
5.637794953050715430e-01 0.000000000000000000e+00
5.693962621230036492e-01 0.000000000000000000e+00
5.750689871120826524e-01 0.000000000000000000e+00
5.807982277668622961e-01 0.000000000000000000e+00
5.865845471360502383e-01 0.000000000000000000e+00
5.924285138778393467e-01 0.000000000000000000e+00
5.983307023157947713e-01 0.000000000000000000e+00
6.042916924952954627e-01 0.000000000000000000e+00
6.103120702405395726e-01 0.000000000000000000e+00
6.163924272121169556e-01 0.000000000000000000e+00
6.225333609651549915e-01 0.000000000000000000e+00
6.287354750080447197e-01 0.000000000000000000e+00
6.349993788617509516e-01 0.000000000000000000e+00
6.413256881197140213e-01 0.000000000000000000e+00
6.477150245083478364e-01 0.000000000000000000e+00
6.541680159481411128e-01 0.000000000000000000e+00
6.606852966153667905e-01 0.000000000000000000e+00
6.672675070044069567e-01 0.000000000000000000e+00
6.739152939906978279e-01 0.000000000000000000e+00
6.806293108943024528e-01 0.000000000000000000e+00
6.874102175441167972e-01 0.000000000000000000e+00
6.942586803427150954e-01 0.000000000000000000e+00
7.011753723318414622e-01 0.000000000000000000e+00
7.081609732585542050e-01 0.000000000000000000e+00
7.152161696420282766e-01 0.000000000000000000e+00
7.223416548410245275e-01 0.000000000000000000e+00
7.295381291220300879e-01 0.000000000000000000e+00
7.368062997280780957e-01 0.000000000000000000e+00
7.441468809482529867e-01 0.000000000000000000e+00
7.515605941878877871e-01 0.000000000000000000e+00
7.590481680394618458e-01 0.000000000000000000e+00
7.666103383542038907e-01 0.000000000000000000e+00
7.742478483144085155e-01 0.000000000000000000e+00
7.819614485064738663e-01 0.000000000000000000e+00
7.897518969946664136e-01 0.000000000000000000e+00
7.976199593956203593e-01 0.000000000000000000e+00
8.055664089535800043e-01 0.000000000000000000e+00
8.135920266163912951e-01 0.000000000000000000e+00
8.216976011122504309e-01 0.000000000000000000e+00
8.298839290272170821e-01 0.000000000000000000e+00
8.381518148835002124e-01 0.000000000000000000e+00
8.465020712185231666e-01 0.000000000000000000e+00
8.549355186647774607e-01 0.000000000000000000e+00
8.634529860304706039e-01 0.000000000000000000e+00
8.720553103809793871e-01 0.000000000000000000e+00
8.807433371211128570e-01 0.000000000000000000e+00
8.895179200781957451e-01 0.000000000000000000e+00
8.983799215859797904e-01 0.000000000000000000e+00
9.073302125693900599e-01 0.000000000000000000e+00
9.163696726301172601e-01 0.000000000000000000e+00
9.254991901330604787e-01 0.000000000000000000e+00
9.347196622936337906e-01 0.000000000000000000e+00
9.440319952659400604e-01 0.000000000000000000e+00
9.534371042318253719e-01 0.000000000000000000e+00
9.629359134908190843e-01 0.000000000000000000e+00
9.725293565509710580e-01 0.000000000000000000e+00
9.822183762205930480e-01 0.000000000000000000e+00
9.920039247009145855e-01 0.000000000000000000e+00
1.001886963679662124e+00 0.000000000000000000e+00
1.011868464425569103e+00 0.000000000000000000e+00
1.021949407883830485e+00 0.000000000000000000e+00
1.032130784772504306e+00 0.000000000000000000e+00
1.042413595679877680e+00 0.000000000000000000e+00
1.052798851162799920e+00 0.000000000000000000e+00
1.063287571845996204e+00 0.000000000000000000e+00
1.073880788522371788e+00 0.000000000000000000e+00
1.084579542254313411e+00 0.000000000000000000e+00
1.095384884476001686e+00 0.000000000000000000e+00
1.106297877096742655e+00 0.000000000000000000e+00
1.117319592605326983e+00 0.000000000000000000e+00
1.128451114175431425e+00 0.000000000000000000e+00
1.139693535772069000e+00 0.000000000000000000e+00
1.151047962259099000e+00 0.000000000000000000e+00
1.162515509507809908e+00 0.000000000000000000e+00
1.174097304506582784e+00 0.000000000000000000e+00
1.185794485471647342e+00 0.000000000000000000e+00
1.197608201958941798e+00 0.000000000000000000e+00
1.209539614977087174e+00 0.000000000000000000e+00
1.221589897101486688e+00 0.000000000000000000e+00
1.233760232589562467e+00 0.000000000000000000e+00
1.246051817497139780e+00 0.000000000000000000e+00
1.258465859795990571e+00 0.000000000000000000e+00
1.271003579492549829e+00 0.000000000000000000e+00
1.283666208747811455e+00 0.000000000000000000e+00
1.296454991998422734e+00 0.000000000000000000e+00
1.309371186078980509e+00 0.000000000000000000e+00
1.322416060345550370e+00 0.000000000000000000e+00
1.335590896800413097e+00 0.000000000000000000e+00
1.348896990218056091e+00 0.000000000000000000e+00
1.362335648272417377e+00 0.000000000000000000e+00
1.375908191665401237e+00 0.000000000000000000e+00
1.389615954256669950e+00 0.000000000000000000e+00
1.403460283194732039e+00 0.000000000000000000e+00
1.417442539049333927e+00 0.000000000000000000e+00
1.431564095945172532e+00 0.000000000000000000e+00
1.445826341696939243e+00 0.000000000000000000e+00
1.460230677945708377e+00 0.000000000000000000e+00
1.474778520296686102e+00 0.000000000000000000e+00
1.489471298458330928e+00 0.000000000000000000e+00
1.504310456382859762e+00 0.000000000000000000e+00
1.519297452408154170e+00 0.000000000000000000e+00
1.534433759401081065e+00 0.000000000000000000e+00
1.549720864902240258e+00 0.000000000000000000e+00
1.565160271272154180e+00 0.000000000000000000e+00
1.580753495838915113e+00 0.000000000000000000e+00
1.596502071047301907e+00 0.000000000000000000e+00
1.612407544609383292e+00 0.000000000000000000e+00
1.628471479656621534e+00 0.000000000000000000e+00
1.644695454893490894e+00 0.000000000000000000e+00
1.661081064752627068e+00 0.000000000000000000e+00
1.677629919551522075e+00 0.000000000000000000e+00
1.694343645650780550e+00 0.000000000000000000e+00
1.711223885613952334e+00 0.000000000000000000e+00
1.728272298368957571e+00 0.000000000000000000e+00
1.745490559371119854e+00 0.000000000000000000e+00
1.762880360767824506e+00 0.000000000000000000e+00
1.780443411564815559e+00 0.000000000000000000e+00
1.798181437794151627e+00 0.000000000000000000e+00
1.816096182683832883e+00 0.000000000000000000e+00
1.834189406829120683e+00 0.000000000000000000e+00
1.852462888365560278e+00 0.000000000000000000e+00
1.870918423143731246e+00 0.000000000000000000e+00
1.889557824905736094e+00 0.000000000000000000e+00
1.908382925463449009e+00 0.000000000000000000e+00
1.927395574878538520e+00 0.000000000000000000e+00
1.946597641644285392e+00 0.000000000000000000e+00
1.965991012869211074e+00 0.000000000000000000e+00
1.985577594462536455e+00 0.000000000000000000e+00
2.005359311321486704e+00 0.000000000000000000e+00
2.025338107520462838e+00 0.000000000000000000e+00
2.045515946502100224e+00 0.000000000000000000e+00
2.065894811270225784e+00 0.000000000000000000e+00
2.086476704584741881e+00 0.000000000000000000e+00
2.107263649158450658e+00 0.000000000000000000e+00
2.128257687855837244e+00 0.000000000000000000e+00
2.149460883893836716e+00 0.000000000000000000e+00
2.170875321044597239e+00 0.000000000000000000e+00
2.192503103840268253e+00 0.000000000000000000e+00
2.214346357779823915e+00 0.000000000000000000e+00
2.236407229537950681e+00 0.000000000000000000e+00
2.258687887176013653e+00 0.000000000000000000e+00
2.281190520355127038e+00 0.000000000000000000e+00
2.303917340551343340e+00 0.000000000000000000e+00
2.326870581272992844e+00 0.000000000000000000e+00
2.350052498280180924e+00 0.000000000000000000e+00
2.373465369806478709e+00 0.000000000000000000e+00
2.397111496782817763e+00 0.000000000000000000e+00
2.420993203063617649e+00 0.000000000000000000e+00
2.445112835655166350e+00 0.000000000000000000e+00
2.469472764946273990e+00 0.000000000000000000e+00
2.494075384941227824e+00 0.000000000000000000e+00
2.518923113495064037e+00 0.000000000000000000e+00
2.544018392551187890e+00 0.000000000000000000e+00
2.569363688381356869e+00 0.000000000000000000e+00
2.594961491828059241e+00 0.000000000000000000e+00
2.620814318549301802e+00 0.000000000000000000e+00
2.646924709265841891e+00 0.000000000000000000e+00
2.673295230010879209e+00 0.000000000000000000e+00
2.699928472382236322e+00 0.000000000000000000e+00
2.726827053797051370e+00 0.000000000000000000e+00
2.753993617749007861e+00 0.000000000000000000e+00
2.781430834068127744e+00 0.000000000000000000e+00
2.809141399183152643e+00 0.000000000000000000e+00
2.837128036386539431e+00 0.000000000000000000e+00
2.865393496102093263e+00 0.000000000000000000e+00
2.893940556155272237e+00 0.000000000000000000e+00
2.922772022046179696e+00 0.000000000000000000e+00
2.951890727225278344e+00 0.000000000000000000e+00
2.981299533371852828e+00 0.000000000000000000e+00
3.011001330675244336e+00 0.000000000000000000e+00
3.040999038118887388e+00 0.000000000000000000e+00
3.071295603767177251e+00 0.000000000000000000e+00
3.101894005055194192e+00 0.000000000000000000e+00
3.132797249081316515e+00 0.000000000000000000e+00
3.164008372902745059e+00 0.000000000000000000e+00
3.195530443833975554e+00 0.000000000000000000e+00
3.227366559748241492e+00 0.000000000000000000e+00
3.259519849381963486e+00 0.000000000000000000e+00
3.291993472642229523e+00 0.000000000000000000e+00
3.324790620917338124e+00 0.000000000000000000e+00
3.357914517390435893e+00 0.000000000000000000e+00
3.391368417356282361e+00 0.000000000000000000e+00
3.425155608541166075e+00 0.000000000000000000e+00
3.459279411426011919e+00 0.000000000000000000e+00
3.493743179572704971e+00 0.000000000000000000e+00
3.528550299953665093e+00 0.000000000000000000e+00
3.563704193284709110e+00 0.000000000000000000e+00
3.599208314361223238e+00 0.000000000000000000e+00
3.635066152397688821e+00 0.000000000000000000e+00
3.671281231370590259e+00 0.000000000000000000e+00
3.707857110364737085e+00 0.000000000000000000e+00
3.744797383923038403e+00 0.000000000000000000e+00
3.782105682399761637e+00 0.000000000000000000e+00
3.819785672317309810e+00 0.000000000000000000e+00
3.857841056726554640e+00 0.000000000000000000e+00
3.896275575570757876e+00 0.000000000000000000e+00
3.935093006053119069e+00 0.000000000000000000e+00
3.974297163007986633e+00 0.000000000000000000e+00
4.013891899275764175e+00 0.000000000000000000e+00
4.053881106081554719e+00 0.000000000000000000e+00
4.094268713417575256e+00 0.000000000000000000e+00
4.135058690429381123e+00 0.000000000000000000e+00
4.176255045805942423e+00 0.000000000000000000e+00
4.217861828173597338e+00 0.000000000000000000e+00
4.259883126493941852e+00 0.000000000000000000e+00
4.302323070465677191e+00 0.000000000000000000e+00
4.345185830930456738e+00 0.000000000000000000e+00
4.388475620282785705e+00 0.000000000000000000e+00
4.432196692883999312e+00 0.000000000000000000e+00
4.476353345480363899e+00 0.000000000000000000e+00
4.520949917625344483e+00 0.000000000000000000e+00
4.565990792106085827e+00 0.000000000000000000e+00
4.611480395374128349e+00 0.000000000000000000e+00
4.657423197980431695e+00 0.000000000000000000e+00
4.703823715014716633e+00 0.000000000000000000e+00
4.750686506549198995e+00 0.000000000000000000e+00
4.798016178086728978e+00 0.000000000000000000e+00
4.845817381013409531e+00 0.000000000000000000e+00
4.894094813055713367e+00 0.000000000000000000e+00
4.942853218742160770e+00 0.000000000000000000e+00
4.992097389869591950e+00 0.000000000000000000e+00
5.041832165974091673e+00 0.000000000000000000e+00
5.092062434806593707e+00 0.000000000000000000e+00
5.142793132813238799e+00 0.000000000000000000e+00
5.194029245620505719e+00 0.000000000000000000e+00
5.245775808525181994e+00 0.000000000000000000e+00
5.298037906989213397e+00 0.000000000000000000e+00
5.350820677139484616e+00 0.000000000000000000e+00
5.404129306272580813e+00 0.000000000000000000e+00
5.457969033364573619e+00 0.000000000000000000e+00
5.512345149585890169e+00 0.000000000000000000e+00
5.567262998821306930e+00 0.000000000000000000e+00
5.622727978195131371e+00 0.000000000000000000e+00
5.678745538601607912e+00 0.000000000000000000e+00
5.735321185240615627e+00 0.000000000000000000e+00
5.792460478158694137e+00 0.000000000000000000e+00
5.850169032795466961e+00 0.000000000000000000e+00
5.908452520535508512e+00 0.000000000000000000e+00
5.967316669265702700e+00 0.000000000000000000e+00
6.026767263938160646e+00 0.000000000000000000e+00
6.086810147138746352e+00 0.000000000000000000e+00
6.147451219661260957e+00 0.000000000000000000e+00
6.208696441087353968e+00 0.000000000000000000e+00
6.270551830372206759e+00 0.000000000000000000e+00
6.333023466436054072e+00 0.000000000000000000e+00
6.396117488761601244e+00 0.000000000000000000e+00
6.459840097997383346e+00 0.000000000000000000e+00
6.524197556567148837e+00 0.000000000000000000e+00
6.589196189285302374e+00 0.000000000000000000e+00
6.654842383978487597e+00 0.000000000000000000e+00
6.721142592113358738e+00 0.000000000000000000e+00
6.788103329430605903e+00 0.000000000000000000e+00
6.855731176585297071e+00 0.000000000000000000e+00
6.924032779793605208e+00 0.000000000000000000e+00
6.993014851485969352e+00 0.000000000000000000e+00
7.062684170966768704e+00 0.000000000000000000e+00
7.133047585080571018e+00 0.000000000000000000e+00
7.204112008885015683e+00 0.000000000000000000e+00
7.275884426330379462e+00 0.000000000000000000e+00
7.348371890945969653e+00 0.000000000000000000e+00
7.421581526533294948e+00 0.000000000000000000e+00
7.495520527866172067e+00 0.000000000000000000e+00
7.570196161397800161e+00 0.000000000000000000e+00
7.645615765974884681e+00 0.000000000000000000e+00
7.721786753558867566e+00 0.000000000000000000e+00
7.798716609954350787e+00 0.000000000000000000e+00
7.876412895544774528e+00 0.000000000000000000e+00
7.954883246035421074e+00 0.000000000000000000e+00
8.034135373203826092e+00 0.000000000000000000e+00
8.114177065657658616e+00 0.000000000000000000e+00
8.195016189600167422e+00 0.000000000000000000e+00
8.276660689603232868e+00 0.000000000000000000e+00
8.359118589388133458e+00 0.000000000000000000e+00
8.442397992614084856e+00 0.000000000000000000e+00
8.526507083674646381e+00 0.000000000000000000e+00
8.611454128502044725e+00 0.000000000000000000e+00
8.697247475379517923e+00 0.000000000000000000e+00
8.783895555761763063e+00 0.000000000000000000e+00
8.871406885103542805e+00 0.000000000000000000e+00
8.959790063696551954e+00 0.000000000000000000e+00
9.049053777514624031e+00 0.000000000000000000e+00
9.139206799067357778e+00 0.000000000000000000e+00
9.230257988262247082e+00 0.000000000000000000e+00
9.322216293275399579e+00 0.000000000000000000e+00
9.415090751430927440e+00 0.000000000000000000e+00
9.508890490089108027e+00 0.000000000000000000e+00
9.603624727543385475e+00 0.000000000000000000e+00
9.699302773926307353e+00 0.000000000000000000e+00
9.795934032124490543e+00 0.000000000000000000e+00
9.893527998702712267e+00 0.000000000000000000e+00
9.992094264837179551e+00 0.000000000000000000e+00
1.009164251725813521e+01 0.000000000000000000e+00
1.019218253920180395e+01 0.000000000000000000e+00
1.029372421137192184e+01 0.000000000000000000e+00
1.039627751291064861e+01 0.000000000000000000e+00
1.049985252237944700e+01 0.000000000000000000e+00
1.060445941874938924e+01 0.000000000000000000e+00
1.071010848240168656e+01 0.000000000000000000e+00
1.081681009613783395e+01 0.000000000000000000e+00
1.092457474620016100e+01 0.000000000000000000e+00
1.103341302330221652e+01 0.000000000000000000e+00
1.114333562366975272e+01 0.000000000000000000e+00
1.125435335009173698e+01 0.000000000000000000e+00
1.136647711298219043e+01 0.000000000000000000e+00
1.147971793145223884e+01 0.000000000000000000e+00
1.159408693439321603e+01 0.000000000000000000e+00
1.170959536157018377e+01 0.000000000000000000e+00
1.182625456472672454e+01 0.000000000000000000e+00
1.194407600870035679e+01 0.000000000000000000e+00
1.206307127254944689e+01 0.000000000000000000e+00
1.218325205069097095e+01 0.000000000000000000e+00
1.230463015404998650e+01 0.000000000000000000e+00
1.242721751122016904e+01 0.000000000000000000e+00
1.255102616963631768e+01 0.000000000000000000e+00
1.267606829675812286e+01 0.000000000000000000e+00
1.280235618126614838e+01 0.000000000000000000e+00
1.292990223426930996e+01 0.000000000000000000e+00
1.305871899052480423e+01 0.000000000000000000e+00
1.318881910966975823e+01 0.000000000000000000e+00
1.332021537746560114e+01 0.000000000000000000e+00
1.345292070705437304e+01 0.000000000000000000e+00
1.358694814022800124e+01 0.000000000000000000e+00
1.372231084870978890e+01 0.000000000000000000e+00
1.385902213544909323e+01 0.000000000000000000e+00
1.399709543592847183e+01 0.000000000000000000e+00
1.413654431948429924e+01 0.000000000000000000e+00
1.427738249064008613e+01 0.000000000000000000e+00
1.441962379045352982e+01 0.000000000000000000e+00
1.456328219787654277e+01 0.000000000000000000e+00
1.470837183112927526e+01 0.000000000000000000e+00
1.485490694908737375e+01 0.000000000000000000e+00
1.500290195268352811e+01 0.000000000000000000e+00
1.515237138632249803e+01 0.000000000000000000e+00
1.530332993931073027e+01 0.000000000000000000e+00
1.545579244729972324e+01 0.000000000000000000e+00
1.560977389374426494e+01 0.000000000000000000e+00
1.576528941137470596e+01 0.000000000000000000e+00
1.592235428368440076e+01 0.000000000000000000e+00
1.608098394643145568e+01 0.000000000000000000e+00
1.624119398915596335e+01 0.000000000000000000e+00
1.640300015671180489e+01 0.000000000000000000e+00
1.656641835081428837e+01 0.000000000000000000e+00
1.673146463160262343e+01 0.000000000000000000e+00
1.689815521921852692e+01 0.000000000000000000e+00
1.706650649540001297e+01 0.000000000000000000e+00
1.723653500509159997e+01 0.000000000000000000e+00
1.740825745807000757e+01 0.000000000000000000e+00
1.758169073058661169e+01 0.000000000000000000e+00
1.775685186702570206e+01 0.000000000000000000e+00
1.793375808157982831e+01 0.000000000000000000e+00
1.811242675994125761e+01 0.000000000000000000e+00
1.829287546101085837e+01 0.000000000000000000e+00
1.847512191862344366e+01 0.000000000000000000e+00
1.865918404329087821e+01 0.000000000000000000e+00
1.884507992396195775e+01 0.000000000000000000e+00
1.903282782980043564e+01 0.000000000000000000e+00
1.922244621198012027e+01 0.000000000000000000e+00
1.941395370549852828e+01 0.000000000000000000e+00
1.960736913100792478e+01 0.000000000000000000e+00
1.980271149666528174e+01 0.000000000000000000e+00
2.000000000000000355e+01 0.000000000000000000e+00
