# Saclay seismic solar model 
#  Primakoff axion flux for g_ag = 1e-10 GeV^{-1} 
#  omega [keV] 	 Flux [keV^{-1} s^{-1} cm^{-2}] 
1.000000000000000021e-03 1.287472886221827919e-03
1.009962701490044103e-03 1.363714099998200287e-03
1.020024658401067841e-03 1.444851301773601802e-03
1.030186859585202055e-03 1.530741314563483293e-03
1.040450303746215301e-03 1.621747073612396116e-03
1.050815999537664525e-03 1.718514702882271896e-03
1.061284965662020628e-03 1.820940134867557935e-03
1.071858230970783050e-03 1.929605150068097958e-03
1.082536834565591809e-03 2.045018650492721763e-03
1.093321825900345906e-03 2.167186773853687059e-03
1.104214264884341087e-03 2.296977411676497972e-03
1.115215221986432187e-03 2.434671085405425150e-03
1.126325778340236299e-03 2.580438273551719473e-03
1.137547025850381768e-03 2.735554893981048761e-03
1.148880067299816454e-03 2.899900625872513498e-03
1.160326016458186312e-03 3.074080993527603806e-03
1.171885998191291240e-03 3.259409037239408176e-03
1.183561148571633586e-03 3.455654290216290513e-03
1.195352614990066471e-03 3.664088638297033958e-03
1.207261556268556012e-03 3.885474977809278297e-03
1.219289142774065710e-03 4.119930266504402694e-03
1.231436556533575550e-03 4.369562194279310099e-03
1.243704991350247325e-03 4.634171847246420888e-03
1.256095652920747674e-03 4.914955234938673916e-03
1.268609758953739234e-03 5.213686571482018320e-03
1.281248539289552056e-03 5.530153932740547451e-03
1.294013236021048950e-03 5.867020438125798362e-03
1.306905103615692764e-03 6.224474770970162517e-03
1.319925409038831023e-03 6.603852440167658731e-03
1.333075431878209165e-03 7.007724615364579503e-03
1.346356464469723475e-03 7.435704788637411029e-03
1.359769812024426471e-03 7.891607259453524773e-03
1.373316792756799302e-03 8.375392629539074249e-03
1.386998738014300027e-03 8.889418378443435936e-03
1.400816992408204266e-03 9.436462280894392443e-03
1.414772913945748630e-03 1.001633886393300983e-02
1.428867874163589936e-03 1.063507386428639255e-02
1.443103258262595605e-03 1.129109610771892799e-02
1.457480465243975870e-03 1.198954048807999474e-02
1.472000908046772324e-03 1.273191988956740191e-02
1.486666013686716243e-03 1.352061761463111203e-02
1.501477223396470786e-03 1.436097057853155494e-02
1.516435992767270089e-03 1.525214743019254887e-02
1.531543791891969110e-03 1.620361362711810610e-02
1.546802105509518990e-03 1.721298233870533975e-02
1.562212433150882021e-03 1.828891339848623052e-02
1.577776289286399658e-03 1.943257409247875836e-02
1.593495203474629618e-03 2.064983212584377975e-02
1.609370720512664447e-03 2.194609133307056856e-02
1.625404400587949312e-03 2.332393570847470995e-02
1.641597819431610955e-03 2.479369877036983333e-02
1.657952568473315593e-03 2.635413812442305437e-02
1.674470254997667031e-03 2.802123367235214921e-02
1.691152502302166894e-03 2.979059144752277746e-02
1.708000949856744357e-03 3.168096158194336903e-02
1.725017253464878990e-03 3.368889460340792480e-02
1.742203085426325196e-03 3.583246251755504985e-02
1.759560134701461647e-03 3.811191344084566279e-02
1.777090107077273964e-03 4.054368086635279367e-02
1.794794725334995355e-03 4.313213962660834150e-02
1.812675729419413679e-03 4.589190834070676350e-02
1.830734876609867254e-03 4.883213108920031464e-02
1.848973941692944175e-03 5.196541628672217417e-02
1.867394717136901163e-03 5.530616633856938469e-02
1.885999013267821269e-03 5.886470420859091224e-02
1.904788658447526461e-03 6.266143980732979957e-02
1.923765499253260718e-03 6.670418799690540357e-02
1.942931400659166606e-03 7.102024554961307301e-02
1.962288246219567271e-03 7.561455116884284455e-02
1.981837938254074876e-03 8.052198821592281008e-02
2.001582398034544574e-03 8.574441031457658013e-02
2.021523565973889613e-03 9.132548613656760184e-02
2.041663401816776885e-03 9.726389689693676344e-02
2.062003884832225471e-03 1.036125957113690071e-01
2.082547014008119882e-03 1.103672026550775592e-01
2.103294808247665754e-03 1.175906733389487785e-01
2.124249306567796685e-03 1.252760324076826470e-01
2.145412568299564712e-03 1.334965028611675431e-01
2.166786673290522266e-03 1.422431309952980061e-01
2.188373722109121598e-03 1.515999656121457262e-01
2.210175836251151212e-03 1.615573085515147889e-01
2.232195158348230114e-03 1.722097947578538069e-01
2.254433852378375045e-03 1.835483226764456910e-01
2.276894103878671083e-03 1.956777883870011447e-01
2.299578120160055989e-03 2.085917053315876069e-01
2.322488130524247383e-03 2.224049576864415845e-01
2.345626386482830943e-03 2.371159525765532405e-01
2.368995161978530023e-03 2.528488959130399394e-01
2.392596753608680973e-03 2.696102693416674301e-01
2.416433480850932805e-03 2.875317453287024594e-01
2.440507686291198963e-03 3.066314076363432783e-01
2.464821735853876383e-03 3.270475508516924035e-01
2.489378019034360883e-03 3.488140801902902544e-01
2.514178949133877555e-03 3.720742309423653027e-01
2.539226963496650849e-03 3.968838235999005981e-01
2.564524523749439101e-03 4.233868589315449293e-01
2.590074116043452560e-03 4.516683914623628171e-01
2.615878251298683118e-03 4.818680459447046149e-01
2.641939465450670460e-03 5.141091249087871295e-01
2.668260319699722414e-03 5.485222960597667674e-01
2.694843400762620290e-03 5.852792252847578425e-01
2.721691321126833499e-03 6.244955750777942960e-01
2.748806719307263832e-03 6.664047865809782367e-01
2.776192260105549755e-03 7.110970401132967744e-01
2.803850634871951977e-03 7.588859492224599990e-01
2.831784561769851941e-03 8.098220415871597577e-01
2.859996786042880157e-03 8.643230297329476119e-01
2.888490080284711239e-03 9.223793188349724836e-01
2.917267244711541259e-03 9.845421251901365078e-01
2.946331107437285581e-03 1.050714906835200635e+00
2.975684524751514518e-03 1.121616647665808930e+00
3.005330381400157617e-03 1.197061017470523181e+00
3.035271590869007777e-03 1.277908106481767891e+00
3.065511095670049938e-03 1.363962174828035057e+00
3.096051867630625603e-03 1.456110058059662427e+00
3.126896908185526451e-03 1.554267838425630988e+00
3.158049248671917272e-03 1.659295326288264372e+00
3.189511950627296841e-03 1.771264536158636105e+00
3.221288106090321526e-03 1.890970644095352204e+00
3.253380837904732304e-03 2.018691813325141471e+00
3.285793300026203494e-03 2.155119572923597904e+00
3.318528677832354758e-03 2.300799508325293452e+00
3.351590188435745951e-03 2.456274989304203071e+00
3.384981081000095100e-03 2.622430300015094584e+00
3.418704637059542546e-03 2.799601501703495643e+00
3.452764170841199787e-03 2.989104051857453204e+00
3.487163029590806956e-03 3.190988666631438875e+00
3.521904593901741334e-03 3.407116224348234912e+00
3.556992278047195651e-03 3.637144883549589647e+00
3.592429530315775516e-03 3.883618971962765176e+00
3.628219833350327349e-03 4.145900653832692129e+00
3.664366704490257861e-03 4.426755760069596590e+00
3.700873696117147355e-03 4.725860818782716244e+00
3.737744396003922238e-03 5.045808893500516312e+00
3.774982427667390728e-03 5.386898375675127859e+00
3.812591450724407173e-03 5.751352548304257795e+00
3.850575161251464616e-03 6.140296042462374260e+00
3.888937292147995328e-03 6.555402996571410235e+00
3.927681613503162042e-03 6.998872918865136405e+00
3.966811932966433051e-03 7.471618940502034789e+00
4.006332096121718693e-03 7.977218566830684310e+00
4.046245986865365865e-03 8.515547910827983458e+00
4.086557527787790245e-03 9.091939264639306018e+00
4.127270680559036800e-03 9.705263658173128860e+00
4.168389446318053471e-03 1.036190349385902465e+01
4.209917866065974665e-03 1.106103447645762472e+01
4.251860021063189055e-03 1.180853223838276023e+01
4.294220033230498716e-03 1.260538157072025989e+01
4.337002065554137163e-03 1.345619079717070932e+01
4.380210322494961991e-03 1.436432740056296709e+01
4.423849050401584479e-03 1.533258693594568989e+01
4.467922537927755330e-03 1.636740265620019841e+01
4.512435116453764571e-03 1.746913198844188742e+01
4.557391160512191258e-03 1.864811251283516569e+01
4.602795088217735003e-03 1.990238779883256726e+01
4.648651361701493581e-03 2.124451081531289987e+01
4.694964487549408219e-03 2.267332617695065267e+01
4.741739017245226104e-03 2.419980391909771811e+01
4.788979547617730308e-03 2.582720846809571569e+01
4.836690721292577141e-03 2.756305466186599418e+01
4.884877227148475519e-03 2.941641838559815270e+01
4.933543800778075229e-03 3.139000834317377908e+01
4.982695224953284825e-03 3.350039554578477663e+01
5.032336330095362603e-03 3.574521395981897598e+01
5.082471994749607203e-03 3.814646197704661290e+01
5.133107146064806552e-03 4.070216575852879259e+01
5.184246760277462507e-03 4.343092961309982769e+01
5.235895863200834555e-03 4.634003615058485792e+01
5.288059530718861555e-03 4.944032549617318040e+01
5.340742889284996221e-03 5.275110688813936122e+01
5.393951116426018259e-03 5.627273225872343687e+01
5.447689441250860853e-03 6.003999161943401930e+01
5.501963144964508619e-03 6.404659708135741880e+01
5.556777561387013856e-03 6.832507207588436415e+01
5.612138077477688350e-03 7.288313045191830497e+01
5.668050133864508018e-03 7.774023472561151493e+01
5.724519225378804990e-03 8.292445780290050550e+01
5.781550901595272282e-03 8.843703764463623429e+01
5.839150767377361724e-03 9.433214671504410376e+01
5.897324483428103767e-03 1.006006271959141429e+02
5.956077766846426362e-03 1.072890942750010481e+02
6.015416391689005875e-03 1.144157429999235092e+02
6.075346189537722021e-03 1.220020472044433006e+02
6.135873050072762798e-03 1.301022460586950729e+02
6.197002921651444465e-03 1.387138180906111131e+02
6.258741811892789067e-03 1.479087083006778016e+02
6.321095788267934966e-03 1.576941190175600411e+02
6.384070978696422885e-03 1.681159236442862834e+02
6.447673572148429448e-03 1.792321544235174713e+02
6.511909819252990721e-03 1.910479834538170962e+02
6.576786032912294681e-03 2.036654595866961586e+02
6.642308588922091195e-03 2.170844152677305487e+02
6.708483926598278468e-03 2.313747244867998063e+02
6.775318549409736248e-03 2.466098410207200970e+02
6.842819025617463864e-03 2.628010218128984548e+02
6.910991988920084719e-03 2.800816179614603243e+02
6.979844139105782254e-03 2.984590039753441602e+02
7.049382242710726387e-03 3.180152639164206789e+02
7.119613133684071088e-03 3.388673220522101133e+02
7.190543714059562976e-03 3.610243426021537516e+02
7.262180954633852027e-03 3.846433082587354306e+02
7.334531895651552093e-03 4.097755843302815606e+02
7.407603647497136221e-03 4.364821923706163602e+02
7.481403391393711896e-03 4.649794599454926356e+02
7.555938380108770738e-03 4.952550181519977741e+02
7.631215938666962087e-03 5.274669167285100002e+02
7.707243465069967686e-03 5.617828270164841342e+02
7.784028431023552914e-03 5.982340748655744846e+02
7.861578382671857018e-03 6.370529604815534412e+02
7.939900941338999540e-03 6.783524648057970126e+02
8.019003804278080141e-03 7.222152824246088585e+02
8.098894745427631658e-03 7.689556963629443089e+02
8.179581616175614009e-03 8.186321562752569889e+02
8.261072346131024396e-03 8.713834743632260142e+02
8.343374943903185403e-03 9.276110343761437207e+02
8.426497497888806379e-03 9.873268195095358806e+02
8.510448177066875369e-03 1.050736173134030196e+03
8.595235231801483938e-03 1.118306458013908468e+03
8.680866994652631716e-03 1.190046237467247238e+03
8.767351881195132104e-03 1.266208818795334309e+03
8.854698390845655576e-03 1.347346594317204790e+03
8.942915107698025043e-03 1.433477756829408690e+03
9.032010701366825767e-03 1.524899072215723891e+03
9.121993927839426933e-03 1.622234430052960079e+03
9.212873630336486028e-03 1.725573629662722169e+03
9.304658740181027954e-03 1.835242870084007336e+03
9.397358277676180413e-03 1.951885797494713870e+03
9.490981352991664441e-03 2.075783980745286499e+03
9.585537167059093866e-03 2.207251195150923195e+03
9.681035012476227677e-03 2.346889045804166926e+03
9.777484274420192648e-03 2.495328973446028613e+03
9.874894431569842743e-03 2.652812954059023923e+03
9.973275057037270935e-03 2.819875135719305035e+03
1.007263581930863648e-02 2.997512449829652724e+03
1.017298648319433368e-02 3.186012786045212124e+03
1.027433691078865306e-02 3.385941766737631497e+03
1.037669706243898177e-02 3.598068339765198743e+03
1.048007699772467854e-02 3.823502313784743365e+03
1.058448687644568745e-02 4.062558853921685113e+03
1.068993695962100476e-02 4.316037264106354087e+03
1.079643761049709980e-02 4.584952627699979530e+03
1.090399929556636581e-02 4.870539257397234906e+03
1.101263258559574514e-02 5.173294357253713315e+03
1.112234815666556832e-02 5.494218634482214838e+03
1.123315679121877041e-02 5.834418826761169839e+03
1.134506937912054328e-02 6.195677084098457271e+03
1.145809691872856119e-02 6.578530952916280512e+03
1.157225051797384878e-02 6.984234286994846116e+03
1.168754139545243043e-02 7.414036718317012856e+03
1.180398088152785629e-02 7.869777262681391221e+03
1.192158041944470573e-02 8.352866714439649513e+03
1.204035156645318939e-02 8.863487620354017054e+03
1.216030599494494734e-02 9.403061190348775199e+03
1.228145549360017651e-02 9.974125775713824623e+03
1.240381196854617799e-02 1.057645303774113745e+04
1.252738744452744010e-02 1.121230151460487104e+04
1.265219406608739279e-02 1.188340622017265014e+04
1.277824409876192856e-02 1.258995154340087356e+04
1.290554993028481152e-02 1.333617069995543716e+04
1.303412407180509769e-02 1.412097110455058828e+04
1.316397915911669131e-02 1.494827965671582569e+04
1.329512795390013283e-02 1.581852108438695177e+04
1.342758334497677966e-02 1.673437310757219166e+04
1.356135834957547179e-02 1.769777557769024133e+04
1.369646611461180878e-02 1.871028042958288279e+04
1.383291991798019094e-02 1.977517721974670712e+04
1.397073316985871297e-02 2.089306937394370470e+04
1.410991941402707332e-02 2.206840704869665205e+04
1.425049232919760323e-02 2.330107671857054811e+04
1.439246573035956114e-02 2.459653511293162592e+04
1.453585357013682279e-02 2.595416948100938680e+04
1.468066994015908809e-02 2.738036487989402667e+04
1.482692907244675777e-02 2.887400862345494897e+04
1.497464534080960100e-02 3.044243755242399857e+04
1.512383326225936672e-02 3.208399757226174188e+04
1.527450749843645671e-02 3.380705847749489476e+04
1.542668285705081806e-02 3.560937422859937215e+04
1.558037429333719755e-02 3.750046376941157359e+04
1.573559691152487047e-02 3.947755667110693321e+04
1.589236596632205567e-02 4.155097178070116206e+04
1.605069686441505661e-02 4.371803702423469076e+04
1.621060516598241130e-02 4.598913239253424399e+04
1.637210658622405973e-02 4.836240241116445395e+04
1.653521699690579591e-02 5.084789689113105123e+04
1.669995242791907225e-02 5.344488720398573787e+04
1.686632906885636787e-02 5.616278795340227953e+04
1.703436327060223535e-02 5.900239064066007268e+04
1.720407154694021667e-02 6.197208379848316690e+04
1.737547057617574303e-02 6.507466315556588961e+04
1.754857720277522987e-02 6.831701305119704921e+04
1.772340843902147148e-02 7.170451762758196855e+04
1.789998146668557097e-02 7.524197042793661240e+04
1.807831363871548191e-02 7.893803376071673119e+04
1.825842248094139419e-02 8.279472794080027961e+04
1.844032569379812359e-02 8.682479644986658241e+04
1.862404115406462654e-02 9.102689424692334433e+04
1.880958691662086915e-02 9.541813462736403744e+04
1.899698121622220293e-02 9.999590794916400046e+04
1.918624246929139660e-02 1.047753916668543679e+05
1.937738927572855638e-02 1.097594004618544714e+05
1.957044042073902146e-02 1.149582038863358030e+05
1.976541487667953650e-02 1.203813034603893175e+05
1.996233180492277062e-02 1.260327941553720157e+05
2.016121055774042908e-02 1.319303009110830899e+05
2.036207068020512434e-02 1.380730248718255607e+05
2.056493191211118676e-02 1.444801811089677794e+05
2.076981418991463366e-02 1.511551804771769093e+05
2.097673764869243535e-02 1.581101851271996857e+05
2.118572262412132465e-02 1.653597531247898587e+05
2.139678965447631975e-02 1.729068392333751544e+05
2.160995948264913397e-02 1.807749261227505340e+05
2.182525305818671518e-02 1.889658536338186823e+05
2.204269153935009898e-02 1.974953203595713421e+05
2.226229629519376613e-02 2.063806218767536338e+05
2.248408890766569537e-02 2.156261549750046688e+05
2.270809117372838207e-02 2.252563296956991544e+05
2.293432510750094064e-02 2.352789951609053824e+05
2.316281294242259620e-02 2.457057523602126457e+05
2.339357713343768325e-02 2.565658163243317977e+05
2.362664035920244640e-02 2.678611493903147057e+05
2.386202552431380616e-02 2.796118549118686933e+05
2.409975576156037080e-02 2.918432648634382640e+05
2.433985443419576719e-02 3.045616736234810087e+05
2.458234513823478670e-02 3.177904865319201490e+05
2.482725170477225601e-02 3.315545457868346130e+05
2.507459820232509073e-02 3.458631158462259918e+05
2.532440893919765332e-02 3.607409250290195341e+05
2.557670846587068239e-02 3.762167490158550208e+05
2.583152157741403637e-02 3.923009859975374420e+05
2.608887331592344566e-02 4.090171094089759281e+05
2.634878897298156830e-02 4.264034642528641270e+05
2.661129409214355035e-02 4.444691751494341879e+05
2.687641447144735116e-02 4.632394214563439018e+05
2.714417616594907989e-02 4.827505366441251826e+05
2.741460549028360005e-02 5.030259498065679800e+05
2.768772902125062052e-02 5.240874416858976474e+05
2.796357360042657156e-02 5.459639893149712589e+05
2.824216633680249819e-02 5.687006949891742552e+05
2.852353460944823463e-02 5.923152873159773881e+05
2.880770607020310958e-02 6.168385165893363301e+05
2.909470864639347384e-02 6.423036668802163331e+05
2.938457054357729650e-02 6.687586409388454631e+05
2.967732024831610041e-02 6.962286022239689482e+05
2.997298653097451790e-02 7.247477635830375366e+05
3.027159844854772699e-02 7.543543089906526729e+05
3.057318534751709074e-02 7.850906881174417213e+05
3.087777686673419397e-02 8.170072983562140726e+05
3.118540294033365565e-02 8.501341331401066855e+05
3.149609380067494580e-02 8.845149386255809804e+05
3.180987998131349498e-02 9.201949789568410488e+05
3.212679232000145019e-02 9.572210765909977490e+05
3.244686196171826797e-02 9.956498069270772394e+05
3.277012036173153342e-02 1.035528544989765156e+06
3.309659928868827899e-02 1.076903576729140710e+06
3.342633082773709130e-02 1.119828448037149617e+06
3.375934738368129018e-02 1.164358542985211825e+06
3.409568168416361039e-02 1.210551135347624542e+06
3.443536678288249692e-02 1.258465436596494401e+06
3.477843606284053424e-02 1.308162668410054641e+06
3.512492323962520396e-02 1.359712977083967766e+06
3.547486236472229687e-02 1.413177204032051377e+06
3.582828782886243041e-02 1.468620201975833392e+06
3.618523436540076188e-02 1.526111860062301857e+06
3.654573705373053566e-02 1.585724427187719382e+06
3.690983132273049916e-02 1.647532565612934995e+06
3.727755295424674264e-02 1.711613453451005742e+06
3.764893808660921271e-02 1.778046843043114757e+06
3.802402321818325326e-02 1.846915143304547993e+06
3.840284521095652104e-02 1.918303511621583952e+06
3.878544129416165026e-02 1.992299944239820121e+06
3.917184906793501342e-02 2.068995336812720867e+06
3.956210650701191128e-02 2.148483617345056962e+06
3.995625196445860144e-02 2.230861796758640558e+06
4.035432417544149164e-02 2.316230085050619207e+06
4.075636226103388632e-02 2.404691980424002744e+06
4.116240573206066122e-02 2.496354390146191698e+06
4.157249449298126148e-02 2.591327704408308025e+06
4.198666884581134240e-02 2.689725945007036440e+06
4.240496949408349009e-02 2.791666836387998890e+06
4.282743754684747300e-02 2.897271944704966620e+06
4.325411452271021862e-02 3.006682257896774914e+06
4.368504235391616058e-02 3.120015490873700008e+06
4.412026339046816459e-02 3.237404276253078599e+06
4.455982040428951851e-02 3.358986850386502687e+06
4.500375659342743112e-02 3.484905895362417679e+06
4.545211558629835141e-02 3.615308700916341972e+06
4.590494144597562221e-02 3.750347264563059900e+06
4.636227867451983564e-02 3.890206680388241541e+06
4.682417221735231394e-02 4.035028551901398692e+06
4.729066746767220802e-02 4.184975454771604855e+06
4.776181027091756792e-02 4.340219975916006602e+06
4.823764692927084291e-02 4.500943346109254286e+06
4.871822420620931099e-02 4.667370739519632421e+06
4.920358933110081240e-02 4.839651326031535864e+06
4.969379000384528677e-02 5.017980879565613344e+06
5.018887439956253721e-02 5.202575791868463159e+06
5.068889117332669308e-02 5.393677501264616847e+06
5.119388946494787818e-02 5.591458255724851973e+06
5.170391890380147265e-02 5.796139911371667869e+06
5.221902961370548935e-02 6.008023745913540013e+06
5.273927221784661251e-02 6.227279928082589060e+06
5.326469784375519739e-02 6.454159485345724970e+06
5.379535812832992453e-02 6.688983521951459348e+06
5.433130522291249043e-02 6.931938614551564679e+06
5.487259179841284112e-02 7.183341199765827507e+06
5.541927105048547603e-02 7.443471233269989491e+06
5.597139670475730078e-02 7.712579330963633023e+06
5.652902302210763980e-02 7.991045335340111516e+06
5.709220480400072767e-02 8.279078987385990098e+06
5.766099739787144962e-02 8.577105741965999827e+06
5.823545670256465023e-02 8.885351850046630949e+06
5.881563917382869044e-02 9.204254534122331068e+06
5.940160182986368997e-02 9.534067916601287201e+06
5.999340225692507966e-02 9.875260278085799888e+06
6.059109861498296334e-02 1.022809242335473001e+07
6.119474964343786516e-02 1.059306804277032614e+07
6.180441466689341745e-02 1.097048468076529913e+07
6.242015360098657900e-02 1.136080953305949084e+07
6.304202695827590408e-02 1.176446113669479080e+07
6.367009585418852147e-02 1.218182512316565961e+07
6.430442201302630223e-02 1.261345591853420995e+07
6.494506777403190323e-02 1.305973339077777602e+07
6.559209609751526227e-02 1.352113087527340092e+07
6.624557057104109303e-02 1.399823537134748697e+07
6.690555541567802522e-02 1.449148361320983618e+07
6.757211549231002812e-02 1.500139575606768019e+07
6.824531630801070059e-02 1.552853865290711261e+07
6.892522402248105196e-02 1.607352011990665086e+07
6.961190545455143985e-02 1.663685778637820110e+07
7.030542808874831739e-02 1.721915224927673116e+07
7.100586008192627530e-02 1.782102304013259709e+07
7.171327026996635046e-02 1.844310901633748785e+07
7.242772817454087853e-02 1.908611810390688851e+07
7.314930400994588966e-02 1.975067323816636950e+07
7.387806869000146381e-02 2.043747355484594777e+07
7.461409383502091985e-02 2.114723971076405793e+07
7.535745177884936585e-02 2.188071432645711303e+07
7.610821557597244325e-02 2.263866295137174800e+07
7.686645900869577830e-02 2.342187439851971716e+07
7.763225659439612625e-02 2.423116130896801874e+07
7.840568359284459665e-02 2.506736117290092260e+07
7.918681601360295919e-02 2.593133675123497099e+07
7.997573062349352946e-02 2.682397688724205270e+07
8.077250495414357856e-02 2.774619708837113529e+07
8.157721730960482143e-02 2.869894058379769325e+07
8.238994677404887224e-02 2.968319464430251345e+07
8.321077321953933292e-02 3.070000580228583142e+07
8.403977731388136141e-02 3.175035546238682792e+07
8.487704052854938563e-02 3.283530536623191088e+07
8.572264514669369895e-02 3.395594895635020733e+07
8.657667427122718584e-02 3.511346195449783653e+07
8.743921183299220579e-02 3.630904805780483782e+07
8.831034259900903682e-02 3.754382290841489285e+07
8.919015218080648955e-02 3.881903291101779789e+07
9.007872704283546861e-02 4.013609848603788763e+07
9.097615451096641159e-02 4.149616856312862039e+07
9.188252278107129911e-02 4.290068873258294910e+07
9.279792092769129086e-02 4.435107118822418898e+07
9.372243891279058436e-02 4.584867554951605946e+07
9.465616759459762053e-02 4.739513128238105029e+07
9.559919873653417721e-02 4.899180609798824042e+07
9.655162501623366922e-02 5.064043927703536302e+07
9.751354003464908493e-02 5.234252939914103597e+07
9.848503832525175306e-02 5.409980581385111809e+07
9.946621536332178604e-02 5.591403261548309773e+07
1.004571675753310050e-01 5.778686766388332844e+07
1.014579923484193597e-01 5.972028118952196091e+07
1.024687880399658413e-01 6.171610405966648459e+07
1.034896539872546262e-01 6.377622124631564319e+07
1.045206905172375994e-01 6.590264442386388779e+07
1.055619989563941208e-01 6.809756315036666393e+07
1.066136816406890175e-01 7.036298659657731652e+07
1.076758419256298033e-01 7.270109546455237269e+07
1.087485841964240252e-01 7.511414677943931520e+07
1.098320138782379191e-01 7.760446365241377056e+07
1.109262374465571910e-01 8.017443697829224169e+07
1.120313624376509942e-01 8.282652702553074062e+07
1.131474974591402394e-01 8.556326570585350692e+07
1.142747522006711813e-01 8.838725892111401260e+07
1.154132374446952269e-01 9.130118806226201355e+07
1.165630650773563093e-01 9.430781078845065832e+07
1.177243480994865921e-01 9.740996399652558565e+07
1.188972006377118223e-01 1.006105651920567453e+08
1.200817379556672199e-01 1.039126762765455544e+08
1.212780764653252352e-01 1.073194639675883055e+08
1.224863337384360096e-01 1.108339911989821643e+08
1.237066285180819653e-01 1.144595202874298096e+08
1.249390807303474016e-01 1.181996891863597780e+08
1.261838114961043589e-01 1.220577170599084049e+08
1.274409431429160411e-01 1.260373098296256214e+08
1.287105992170586022e-01 1.301421635662300140e+08
1.299929044956628643e-01 1.343760340786229968e+08
1.312879849989769809e-01 1.387428535899386704e+08
1.325959680027511689e-01 1.432467003243601918e+08
1.339169820507460085e-01 1.478915458891127706e+08
1.352511569673651992e-01 1.526818843782882690e+08
1.365986238704141598e-01 1.576219632406451404e+08
1.379595151839858869e-01 1.627162470943745673e+08
1.393339646514751562e-01 1.679693950959357023e+08
1.407221073487221474e-01 1.733862163720527589e+08
1.421240796972874088e-01 1.789716705956961215e+08
1.435400194778587157e-01 1.847307076356715560e+08
1.449700658437917400e-01 1.906685152749295235e+08
1.464143593347854988e-01 1.967904223868261278e+08
1.478730418906940014e-01 2.031019008376856446e+08
1.493462568654757849e-01 2.096086638490771651e+08
1.508341490412819508e-01 2.163164756775727570e+08
1.523368646426850881e-01 2.232312273928409517e+08
1.538545513510493901e-01 2.303590041314837039e+08
1.553873583190445717e-01 2.377061432294735014e+08
1.569354361853037283e-01 2.452792543051319420e+08
1.584989370892277705e-01 2.530846811546003819e+08
1.600780146859370201e-01 2.611295296305620372e+08
1.616728241613719086e-01 2.694205650628524423e+08
1.632835222475440551e-01 2.779652000609574914e+08
1.649102672379393064e-01 2.867705279142463803e+08
1.665532190030742932e-01 2.958445460689741969e+08
1.682125390062078618e-01 3.051947107465741634e+08
1.698883903192091316e-01 3.148290382221233249e+08
1.715809376385835083e-01 3.247558180540711284e+08
1.732903473016585705e-01 3.349835640467790961e+08
1.750167873029310761e-01 3.455207671661018133e+08
1.767604273105767287e-01 3.563763007234440446e+08
1.785214386831246447e-01 3.675592559597315192e+08
1.802999944862978265e-01 3.790789452742859125e+08
1.820962695100213913e-01 3.909449063431584835e+08
1.839104402856003573e-01 4.031669446314483881e+08
1.857426851030683779e-01 4.157552346185051203e+08
1.875931840287095032e-01 4.287198518940240741e+08
1.894621189227544411e-01 4.420712623522142172e+08
1.913496734572530944e-01 4.558203848833397627e+08
1.932560331341251214e-01 4.699782470843828321e+08
1.951813853033904644e-01 4.845558414971348643e+08
1.971259191815814271e-01 4.995651720423151851e+08
1.990898258703381052e-01 5.150174726838716865e+08
2.010732983751891412e-01 5.309252783617127538e+08
2.030765316245197183e-01 5.473005206175723076e+08
2.050997224887282921e-01 5.641558134382714033e+08
2.071430697995743919e-01 5.815042431304250956e+08
2.092067743697189064e-01 5.993585740462641716e+08
2.112910390124594362e-01 6.177321771632225513e+08
2.133960685616618225e-01 6.366387010395997763e+08
2.155220698918906552e-01 6.560921802558815479e+08
2.176692519387399827e-01 6.761065310540777445e+08
2.198378257193668583e-01 6.966961442628148794e+08
2.220280043532292524e-01 7.178756601432169676e+08
2.242400030830306867e-01 7.396599683124438524e+08
2.264740392958734805e-01 7.620642044018051624e+08
2.287303325446227720e-01 7.851037468416341543e+08
2.310091045694833700e-01 8.087942125079147816e+08
2.333105793197915168e-01 8.331514526185629368e+08
2.356349829760238657e-01 8.581915473368053436e+08
2.379825439720256175e-01 8.839308015372723341e+08
2.403534930174602013e-01 9.103857369922442436e+08
2.427480631204825545e-01 9.375730850297830105e+08
2.451664896106383051e-01 9.655098708508231640e+08
2.476090101619911055e-01 9.942131880184718370e+08
2.500758648164803088e-01 1.023700294721968055e+09
2.525672960075115436e-01 1.053988680105311155e+09
2.550835485837819605e-01 1.085095994139262199e+09
2.576248698333433729e-01 1.117040031124985218e+09
2.601915095079044282e-01 1.149838710498415947e+09
2.627837198473756408e-01 1.183510055277518034e+09
2.654017556046583959e-01 1.218072165919736624e+09
2.680458740706812559e-01 1.253543189799256802e+09
2.707163350996854012e-01 1.289941295551761150e+09
2.734134011347623128e-01 1.327284596955246449e+09
2.761373372336456411e-01 1.365591092037966013e+09
2.788884110947600914e-01 1.404878581932378054e+09
2.816668930835299345e-01 1.445164536232100964e+09
2.844730562589493084e-01 1.486465873212364197e+09
2.873071764004176964e-01 1.528798543769132376e+09
2.901695320348425255e-01 1.572176456083761215e+09
2.930604044640114370e-01 1.616607562663749456e+09
2.959800777922380055e-01 1.662106688252151251e+09
2.989288389542820723e-01 1.708696600721207380e+09
3.019069777435490765e-01 1.756400455259973288e+09
3.049147868405694406e-01 1.805241797644078970e+09
3.079525618417624511e-01 1.855244567409564972e+09
3.110206012884862981e-01 1.906433100925127983e+09
3.141192066963774954e-01 1.958832134356921673e+09
3.172486825849829550e-01 2.012466806519834042e+09
3.204093365076868816e-01 2.067362661609017134e+09
3.236014790819360942e-01 2.123545651805291653e+09
3.268254240197661642e-01 2.181042139747849941e+09
3.300814881586321969e-01 2.239878900867582798e+09
3.333699914925461472e-01 2.300083125574112892e+09
3.366912572035249407e-01 2.361682421289537430e+09
3.400456116933512907e-01 2.424704814321629524e+09
3.434333846156515935e-01 2.489178751569168091e+09
3.468549089082928472e-01 2.555133102051829338e+09
3.503105208261026449e-01 2.622597158256946087e+09
3.538005599739149631e-01 2.691600637295249462e+09
3.573253693399455200e-01 2.762173681857571602e+09
3.608852953294991450e-01 2.834346860964244366e+09
3.644806877990133809e-01 2.908151170498865604e+09
3.681119000904408689e-01 2.983618033517827511e+09
3.717792890659749050e-01 3.060779300326921940e+09
3.754832151431199971e-01 3.139667248316072941e+09
3.792240423301129204e-01 3.220314581543172359e+09
3.830021382616957126e-01 3.302754430057740211e+09
3.868178742352455513e-01 3.387020348955017090e+09
3.906716252472647311e-01 3.473146317150902271e+09
3.945637700302336293e-01 3.561166735867962837e+09
3.984946910898312655e-01 3.651116426822617054e+09
4.024647747425265654e-01 3.743030630103377342e+09
4.064744111535442128e-01 3.836945001729920387e+09
4.105239943752084231e-01 3.932895610882503510e+09
4.146139223856691314e-01 4.030918936791206360e+09
4.187445971280138735e-01 4.131051865274188042e+09
4.229164245497690766e-01 4.233331684914055347e+09
4.271298146427952025e-01 4.337796082861279488e+09
4.313851814835792386e-01 4.444483140253416061e+09
4.356829432739286467e-01 4.553431327238719940e+09
4.400235223820705976e-01 4.664679497592643738e+09
4.444073453841608790e-01 4.778266882915493965e+09
4.488348431062061938e-01 4.894233086399423599e+09
4.533064506664041260e-01 5.012618076152759552e+09
4.578226075179049337e-01 5.133462178069534302e+09
4.623837574919994475e-01 5.256806068231985092e+09
4.669903488417371795e-01 5.382690764833589554e+09
4.716428342859789735e-01 5.511157619610110283e+09
4.763416710538884713e-01 5.642248308766028404e+09
4.810873209298671682e-01 5.776004823383565903e+09
4.858802502989365002e-01 5.912469459301411629e+09
4.907209301925726797e-01 6.051684806450167656e+09
4.956098363349980551e-01 6.193693737631419182e+09
5.005474491899332135e-01 6.338539396727213860e+09
5.055342540078155977e-01 6.486265186326677322e+09
5.105707408734876385e-01 6.636914754756402969e+09
5.156574047543608375e-01 6.790531982501156807e+09
5.207947455490593569e-01 6.947160968001382828e+09
5.259832681365480544e-01 7.106846012813966751e+09
5.312234824257503485e-01 7.269631606122564316e+09
5.365159034056597998e-01 7.435562408583895683e+09
5.418610511959517373e-01 7.604683235496281624e+09
5.472594510980984817e-01 7.777039039276682854e+09
5.527116336469942715e-01 7.952674891232551575e+09
5.582181346630938901e-01 8.131635962614664078e+09
5.637794953050715430e-01 8.313967504937380791e+09
5.693962621230036492e-01 8.499714829552436829e+09
5.750689871120826524e-01 8.688923286462791443e+09
5.807982277668622961e-01 8.881638242362693787e+09
5.865845471360502383e-01 9.077905057890790939e+09
5.924285138778393467e-01 9.277769064082366943e+09
5.983307023157947713e-01 9.481275538007709503e+09
6.042916924952954627e-01 9.688469677583118439e+09
6.103120702405395726e-01 9.899396575541654587e+09
6.163924272121169556e-01 1.011410119255041313e+10
6.225333609651549915e-01 1.033262832946170044e+10
6.287354750080447197e-01 1.055502259868544769e+10
6.349993788617509516e-01 1.078132839467044640e+10
6.413256881197140213e-01 1.101158986348220444e+10
6.477150245083478364e-01 1.124585087146556664e+10
6.541680159481411128e-01 1.148415497298040962e+10
6.606852966153667905e-01 1.172654537719903755e+10
6.672675070044069567e-01 1.197306491395434570e+10
6.739152939906978279e-01 1.222375599862794685e+10
6.806293108943024528e-01 1.247866059606805420e+10
6.874102175441167972e-01 1.273782018352724266e+10
6.942586803427150954e-01 1.300127571261055565e+10
7.011753723318414622e-01 1.326906757022492218e+10
7.081609732585542050e-01 1.354123553852156258e+10
7.152161696420282766e-01 1.381781875382312965e+10
7.223416548410245275e-01 1.409885566452837944e+10
7.295381291220300879e-01 1.438438398798735809e+10
7.368062997280780957e-01 1.467444066634106827e+10
7.441468809482529867e-01 1.496906182131977463e+10
7.515605941878877871e-01 1.526828270799533272e+10
7.590481680394618458e-01 1.557213766748336220e+10
7.666103383542038907e-01 1.588066007859173584e+10
7.742478483144085155e-01 1.619388230841300011e+10
7.819614485064738663e-01 1.651183566185902977e+10
7.897518969946664136e-01 1.683455033013706017e+10
7.976199593956203593e-01 1.716205533816724205e+10
8.055664089535800043e-01 1.749437849094298935e+10
8.135920266163912951e-01 1.783154631883623505e+10
8.216976011122504309e-01 1.817358402185091019e+10
8.298839290272170821e-01 1.852051541282908630e+10
8.381518148835002124e-01 1.887236285961557770e+10
8.465020712185231666e-01 1.922914722618762589e+10
8.549355186647774607e-01 1.959088781275834274e+10
8.634529860304706039e-01 1.995760229486318207e+10
8.720553103809793871e-01 2.032930666144073486e+10
8.807433371211128570e-01 2.070601515192056656e+10
8.895179200781957451e-01 2.108774019233193207e+10
8.983799215859797904e-01 2.147449233044983292e+10
9.073302125693900599e-01 2.186628016999542236e+10
9.163696726301172601e-01 2.226311030391073227e+10
9.254991901330604787e-01 2.266498724672870255e+10
9.347196622936337906e-01 2.307191336606201553e+10
9.440319952659400604e-01 2.348388881323604202e+10
9.534371042318253719e-01 2.390091145309345245e+10
9.629359134908190843e-01 2.432297679300018311e+10
9.725293565509710580e-01 2.475007791108511353e+10
9.822183762205930480e-01 2.518220538374739838e+10
9.920039247009145855e-01 2.561934721246914673e+10
1.001886963679662124e+00 2.606148874997248840e+10
1.011868464425569103e+00 2.650861262576367188e+10
1.021949407883830485e+00 2.696069867110902786e+10
1.032130784772504306e+00 2.741772384349105835e+10
1.042413595679877680e+00 2.787966215059531784e+10
1.052798851162799920e+00 2.834648457388220978e+10
1.063287571845996204e+00 2.881815899180101013e+10
1.073880788522371788e+00 2.929465010270649719e+10
1.084579542254313411e+00 2.977591934754175949e+10
1.095384884476001686e+00 3.026192483235500717e+10
1.106297877096742655e+00 3.075262125072060776e+10
1.117319592605326983e+00 3.124795980613912582e+10
1.128451114175431425e+00 3.174788813449454880e+10
1.139693535772069000e+00 3.225235022665035248e+10
1.151047962259099000e+00 3.276128635127074051e+10
1.162515509507809908e+00 3.327463297795623398e+10
1.174097304506582784e+00 3.379232270078808975e+10
1.185794485471647342e+00 3.431428416237900162e+10
1.197608201958941798e+00 3.484044197853251648e+10
1.209539614977087174e+00 3.537071666361730194e+10
1.221589897101486688e+00 3.590502455676696014e+10
1.233760232589562467e+00 3.644327774902037048e+10
1.246051817497139780e+00 3.698538401152187347e+10
1.258465859795990571e+00 3.753124672490499115e+10
1.271003579492549829e+00 3.808076480998793793e+10
1.283666208747811455e+00 3.863383265991342926e+10
1.296454991998422734e+00 3.919034007387007141e+10
1.309371186078980509e+00 3.975017219253650665e+10
1.322416060345550370e+00 4.031320943539503479e+10
1.335590896800413097e+00 4.087932744006433868e+10
1.348896990218056091e+00 4.144839700380686188e+10
1.362335648272417377e+00 4.202028402736953735e+10
1.375908191665401237e+00 4.259484946132218170e+10
1.389615954256669950e+00 4.317194925506030273e+10
1.403460283194732039e+00 4.375143430864552307e+10
1.417442539049333927e+00 4.433315042765880585e+10
1.431564095945172532e+00 4.491693828124681854e+10
1.445826341696939243e+00 4.550263336354574585e+10
1.460230677945708377e+00 4.609006595866963196e+10
1.474778520296686102e+00 4.667906110945462036e+10
1.489471298458330928e+00 4.726943859015416718e+10
1.504310456382859762e+00 4.786101288328250122e+10
1.519297452408154170e+00 4.845359316080740356e+10
1.534433759401081065e+00 4.904698326989601135e+10
1.549720864902240258e+00 4.964098172341964722e+10
1.565160271272154180e+00 5.023538169542647552e+10
1.580753495838915113e+00 5.082997102179182434e+10
1.596502071047301907e+00 5.142453220625903320e+10
1.612407544609383292e+00 5.201884243208405304e+10
1.628471479656621534e+00 5.261267357949796295e+10
1.644695454893490894e+00 5.320579224920352936e+10
1.661081064752627068e+00 5.379795979212042236e+10
1.677629919551522075e+00 5.438893234559487152e+10
1.694343645650780550e+00 5.497846087628865814e+10
1.711223885613952334e+00 5.556629122996090698e+10
1.728272298368957571e+00 5.615216418835508728e+10
1.745490559371119854e+00 5.673581553340155029e+10
1.762880360767824506e+00 5.731697611894319916e+10
1.780443411564815559e+00 5.789537195018894958e+10
1.798181437794151627e+00 5.847072427109609222e+10
1.816096182683832883e+00 5.904274965987815094e+10
1.834189406829120683e+00 5.961116013283036804e+10
1.852462888365560278e+00 6.017566325665851593e+10
1.870918423143731246e+00 6.073596226949257660e+10
1.889557824905736094e+00 6.129175621075713348e+10
1.908382925463449009e+00 6.184274006006548309e+10
1.927395574878538520e+00 6.238860488529458618e+10
1.946597641644285392e+00 6.292903799998942566e+10
1.965991012869211074e+00 6.346372313023577118e+10
1.985577594462536455e+00 6.399234059112958527e+10
2.005359311321486704e+00 6.451456747296006012e+10
2.025338107520462838e+00 6.503007783721105957e+10
2.045515946502100224e+00 6.553854292247310638e+10
2.065894811270225784e+00 6.603963136034394836e+10
2.086476704584741881e+00 6.653300940138106537e+10
2.107263649158450658e+00 6.701834115115465546e+10
2.128257687855837244e+00 6.749528881643263245e+10
2.149460883893836716e+00 6.796351296151215363e+10
2.170875321044597239e+00 6.842267277469445801e+10
2.192503103840268253e+00 6.887242634488140869e+10
2.214346357779823915e+00 6.931243094825027466e+10
2.236407229537950681e+00 6.974234334494613647e+10
2.258687887176013653e+00 7.016182008570649719e+10
2.281190520355127038e+00 7.057051782831291199e+10
2.303917340551343340e+00 7.096809366374014282e+10
2.326870581272992844e+00 7.135420545185011292e+10
2.350052498280180924e+00 7.172851216645300293e+10
2.373465369806478709e+00 7.209067424953260803e+10
2.397111496782817763e+00 7.244035397440756226e+10
2.420993203063617649e+00 7.277721581757211304e+10
2.445112835655166350e+00 7.310092683893464661e+10
2.469472764946273990e+00 7.341115707014198303e+10
2.494075384941227824e+00 7.370757991065078735e+10
2.518923113495064037e+00 7.398987253117799377e+10
2.544018392551187890e+00 7.425771628413163757e+10
2.569363688381356869e+00 7.451079712059565735e+10
2.594961491828059241e+00 7.474880601340942383e+10
2.620814318549301802e+00 7.497143938585559082e+10
2.646924709265841891e+00 7.517839954543572998e+10
2.673295230010879209e+00 7.536939512218554688e+10
2.699928472382236322e+00 7.554414151094892883e+10
2.726827053797051370e+00 7.570236131699911499e+10
2.753993617749007861e+00 7.584378480436735535e+10
2.781430834068127744e+00 7.596815034620487976e+10
2.809141399183152643e+00 7.607520487647824097e+10
2.837128036386539431e+00 7.616470434226593018e+10
2.865393496102093263e+00 7.623641415589595032e+10
2.893940556155272237e+00 7.629010964613542175e+10
2.922772022046179696e+00 7.632557650761709595e+10
2.951890727225278344e+00 7.634261124765907288e+10
2.981299533371852828e+00 7.634102162960887146e+10
3.011001330675244336e+00 7.632062711182048035e+10
3.040999038118887388e+00 7.628125928134648132e+10
3.071295603767177251e+00 7.622276228140818787e+10
3.101894005055194192e+00 7.614499323168528748e+10
3.132797249081316515e+00 7.604782264044767761e+10
3.164008372902745059e+00 7.593113480753662109e+10
3.195530443833975554e+00 7.579482821718450928e+10
3.227366559748241492e+00 7.563881591965406799e+10
3.259519849381963486e+00 7.546302590066232300e+10
3.291993472642229523e+00 7.526740143754995728e+10
3.324790620917338124e+00 7.505190144114935303e+10
3.357914517390435893e+00 7.481650078230043030e+10
3.391368417356282361e+00 7.456119060196493530e+10
3.425155608541166075e+00 7.428597860388949585e+10
3.459279411426011919e+00 7.399088932877537537e+10
3.493743179572704971e+00 7.367596440891889954e+10
3.528550299953665093e+00 7.334126280229980469e+10
3.563704193284709110e+00 7.298686100510716248e+10
3.599208314361223238e+00 7.261285324171363831e+10
3.635066152397688821e+00 7.221935163112640381e+10
3.671281231370590259e+00 7.180648632897169495e+10
3.707857110364737085e+00 7.137440564409559631e+10
3.744797383923038403e+00 7.092327612889775085e+10
3.782105682399761637e+00 7.045328264254942322e+10
3.819785672317309810e+00 6.996462838628730774e+10
3.857841056726554640e+00 6.945753491001710510e+10
3.896275575570757876e+00 6.893224208950956726e+10
3.935093006053119069e+00 6.838900807351979065e+10
3.974297163007986633e+00 6.782810920021714783e+10
4.013891899275764175e+00 6.724983988237076569e+10
4.053881106081554719e+00 6.665451246079592896e+10
4.094268713417575256e+00 6.604245702563366699e+10
4.135058690429381123e+00 6.541402120510346222e+10
4.176255045805942423e+00 6.476956992144108582e+10
4.217861828173597338e+00 6.410948511380813599e+10
4.259883126493941852e+00 6.343416542804017639e+10
4.302323070465677191e+00 6.274402587317812347e+10
4.345185830930456738e+00 6.203949744481524658e+10
4.388475620282785705e+00 6.132102671537428284e+10
4.432196692883999312e+00 6.058907539152194214e+10
4.476353345480363899e+00 5.984411983901564026e+10
4.520949917625344483e+00 5.908665057537210083e+10
4.565990792106085827e+00 5.831717173083872986e+10
4.611480395374128349e+00 5.753620047824810028e+10
4.657423197980431695e+00 5.674426643242763519e+10
4.703823715014716633e+00 5.594191101993692780e+10
4.750686506549198995e+00 5.512968682000032806e+10
4.798016178086728978e+00 5.430815687760096741e+10
4.845817381013409531e+00 5.347789398979684448e+10
4.894094813055713367e+00 5.263947996641902161e+10
4.942853218742160770e+00 5.179350486640243530e+10
4.992097389869591950e+00 5.094056621109701538e+10
5.041832165974091673e+00 5.008126817599470520e+10
5.092062434806593707e+00 4.921622076239907074e+10
5.142793132813238799e+00 4.834603895064817810e+10
5.194029245620505719e+00 4.747134183658634186e+10
5.245775808525181994e+00 4.659275175305725098e+10
5.298037906989213397e+00 4.571089337826787567e+10
5.350820677139484616e+00 4.482639283294203949e+10
5.404129306272580813e+00 4.393987676824905396e+10
5.457969033364573619e+00 4.305197144655316925e+10
5.512345149585890169e+00 4.216330181708463287e+10
5.567262998821306930e+00 4.127449058868192291e+10
5.622727978195131371e+00 4.038615730179795074e+10
5.678745538601607912e+00 3.949891740199883270e+10
5.735321185240615627e+00 3.861338131721248627e+10
5.792460478158694137e+00 3.773015354100727844e+10
5.850169032795466961e+00 3.684983172419369507e+10
5.908452520535508512e+00 3.597300577704998016e+10
5.967316669265702700e+00 3.510025698447116089e+10
6.026767263938160646e+00 3.423215713632980728e+10
6.086810147138746352e+00 3.336926767532164764e+10
6.147451219661260957e+00 3.251213886454079437e+10
6.208696441087353968e+00 3.166130897699587631e+10
6.270551830372206759e+00 3.081730350923515701e+10
6.333023466436054072e+00 2.998063442119675827e+10
6.396117488761601244e+00 2.915179940434085083e+10
6.459840097997383346e+00 2.833128118005172348e+10
6.524197556567148837e+00 2.751954683022173691e+10
6.589196189285302374e+00 2.671704716184413910e+10
6.654842383978487597e+00 2.592421610735017014e+10
6.721142592113358738e+00 2.514147016232537460e+10
6.788103329430605903e+00 2.436920786213359070e+10
6.855731176585297071e+00 2.360780929886288071e+10
6.924032779793605208e+00 2.285763567988734436e+10
6.993014851485969352e+00 2.211902892921252823e+10
7.062684170966768704e+00 2.139231133263998795e+10
7.133047585080571018e+00 2.067778522764923859e+10
7.204112008885015683e+00 1.997573273875403214e+10
7.275884426330379462e+00 1.928641555894446945e+10
7.348371890945969653e+00 1.861007477767599869e+10
7.421581526533294948e+00 1.794693075571696472e+10
7.495520527866172067e+00 1.729718304701023102e+10
7.570196161397800161e+00 1.666101036755034065e+10
7.645615765974884681e+00 1.603857061112096596e+10
7.721786753558867566e+00 1.543000091158195496e+10
7.798716609954350787e+00 1.483541775123869324e+10
7.876412895544774528e+00 1.425491711467369652e+10
7.954883246035421074e+00 1.368857468726715851e+10
8.034135373203826092e+00 1.313644609748452187e+10
8.114177065657658616e+00 1.259856720186350250e+10
8.195016189600167422e+00 1.207495441149082375e+10
8.276660689603232868e+00 1.156560505862298775e+10
8.359118589388133458e+00 1.107049780197384834e+10
8.442397992614084856e+00 1.058959306906670761e+10
8.526507083674646381e+00 1.012283353393058968e+10
8.611454128502044725e+00 9.670144628309768677e+09
8.697247475379517923e+00 9.231435084451948166e+09
8.783895555761763063e+00 8.806597507446508408e+09
8.871406885103542805e+00 8.395508974998194695e+09
8.959790063696551954e+00 7.998031662445105553e+09
9.049053777514624031e+00 7.614013490763028145e+09
9.139206799067357778e+00 7.243288795240833282e+09
9.230257988262247082e+00 6.885679012465272903e+09
9.322216293275399579e+00 6.540993383216614723e+09
9.415090751430927440e+00 6.209029668850712776e+09
9.508890490089108027e+00 5.889574878727662086e+09
9.603624727543385475e+00 5.582406006242590904e+09
9.699302773926307353e+00 5.287290771019484520e+09
9.795934032124490543e+00 5.003988364845719337e+09
9.893527998702712267e+00 4.732250198951006889e+09
9.992094264837179551e+00 4.471820650271721840e+09
1.009164251725813521e+01 4.222437804387529850e+09
1.019218253920180395e+01 3.983834192873823166e+09
1.029372421137192184e+01 3.755737522877989292e+09
1.039627751291064861e+01 3.537871396802587509e+09
1.049985252237944700e+01 3.329956020058782578e+09
1.060445941874938924e+01 3.131708894945670605e+09
1.071010848240168656e+01 2.942845498805541039e+09
1.081681009613783395e+01 2.763079944711229324e+09
1.092457474620016100e+01 2.592125623048852921e+09
1.103341302330221652e+01 2.429695822476214409e+09
1.114333562366975272e+01 2.275504328854480267e+09
1.125435335009173698e+01 2.129266000876012564e+09
1.136647711298219043e+01 1.990697321235646009e+09
1.147971793145223884e+01 1.859516922323633671e+09
1.159408693439321603e+01 1.735446085547114134e+09
1.170959536157018377e+01 1.618209213520405769e+09
1.182625456472672454e+01 1.507534274494554043e+09
1.194407600870035679e+01 1.403153218529542446e+09
1.206307127254944689e+01 1.304802365041404247e+09
1.218325205069097095e+01 1.212222761486123800e+09
1.230463015404998650e+01 1.125160513066974878e+09
1.242721751122016904e+01 1.043367083475877643e+09
1.255102616963631768e+01 9.665995667972331047e+08
1.267606829675812286e+01 8.946209308186562061e+08
1.280235618126614838e+01 8.272002321018801928e+08
1.292990223426930996e+01 7.641128032728202343e+08
1.305871899052480423e+01 7.051404130877830982e+08
1.318881910966975823e+01 6.500713999265503883e+08
1.332021537746560114e+01 5.987007794485950470e+08
1.345292070705437304e+01 5.508303272291295528e+08
1.358694814022800124e+01 5.062686372635664940e+08
1.372231084870978890e+01 4.648311572951490283e+08
1.385902213544909323e+01 4.263402019779999256e+08
1.399709543592847183e+01 3.906249449391907454e+08
1.413654431948429924e+01 3.575213908461668491e+08
1.427738249064008613e+01 3.268723286223142147e+08
1.441962379045352982e+01 2.985272669814457893e+08
1.456328219787654277e+01 2.723423534737656116e+08
1.470837183112927526e+01 2.481802782496145070e+08
1.485490694908737375e+01 2.259101637549991608e+08
1.500290195268352811e+01 2.054074415731772184e+08
1.515237138632249803e+01 1.865537176211499274e+08
1.530332993931073027e+01 1.692366268977929056e+08
1.545579244729972324e+01 1.533496789630366862e+08
1.560977389374426494e+01 1.387920953043135405e+08
1.576528941137470596e+01 1.254686397187555432e+08
1.592235428368440076e+01 1.132894428068544120e+08
1.608098394643145568e+01 1.021698216367723197e+08
1.624119398915596335e+01 9.203009559781834483e+07
1.640300015671180489e+01 8.279539941799034178e+07
1.656641835081428837e+01 7.439549427365379035e+07
1.673146463160262343e+01 6.676457787049362063e+07
1.689815521921852692e+01 5.984109432363589853e+07
1.706650649540001297e+01 5.356754461232265085e+07
1.723653500509159997e+01 4.789029833060589433e+07
1.740825745807000757e+01 4.275940740110385418e+07
1.758169073058661169e+01 3.812842236389293522e+07
1.775685186702570206e+01 3.395421179785064608e+07
1.793375808157982831e+01 3.019678537722858787e+07
1.811242675994125761e+01 2.681912101256036758e+07
1.829287546101085837e+01 2.378699647222772986e+07
1.847512191862344366e+01 2.106882582965126261e+07
1.865918404329087821e+01 1.863550103117650747e+07
1.884507992396195775e+01 1.646023883171406016e+07
1.903282782980043564e+01 1.451843329909742065e+07
1.922244621198012027e+01 1.278751404427117109e+07
1.941395370549852828e+01 1.124681029282618873e+07
1.960736913100792478e+01 9.877420874300571159e+06
1.980271149666528174e+01 8.662090169049628079e+06
2.000000000000000355e+01 7.585090018521214835e+06
